[gd_scene format=3 uid="uid://4pbjw3vqklpe"]

[ext_resource type="Material" uid="uid://bkjw8iibm5v8k" path="res://Resources/Materials/ground.tres" id="1_5wffj"]
[ext_resource type="PackedScene" uid="uid://cvbcr0470tjtw" path="res://Scenes/player.tscn" id="2_jesp8"]
[ext_resource type="Script" uid="uid://cup175gyx0lky" path="res://Scripts/column_wear.gd" id="4_8yig3"]
[ext_resource type="PackedScene" uid="uid://byrd3q2g3f14n" path="res://Scenes/column.tscn" id="4_qguuj"]
[ext_resource type="PackedScene" uid="uid://dkdn87iqxsgeu" path="res://Scenes/connector_corner.tscn" id="6_cmxtg"]
[ext_resource type="PackedScene" uid="uid://lbx0y0rwmtqf" path="res://Scenes/connector_straight.tscn" id="7_6he5u"]
[ext_resource type="PackedScene" uid="uid://bhcmjt6k0vo2s" path="res://Scenes/connector_t.tscn" id="8_8yig3"]
[ext_resource type="PackedScene" uid="uid://dbekxuw8pugbb" path="res://Scenes/exit_door.tscn" id="9_6he5u"]
[ext_resource type="PackedScene" uid="uid://n6acdmsxqno0" path="res://Scenes/connector_half.tscn" id="9_8yig3"]
[ext_resource type="PackedScene" uid="uid://bmdyjms5is3or" path="res://Scenes/power_lock.tscn" id="10_8yig3"]
[ext_resource type="AudioStream" uid="uid://37xfqq5p0qr" path="res://Assets/block_activate.wav" id="11_20ibb"]
[ext_resource type="AudioStream" uid="uid://3iyyhpaon3kg" path="res://Assets/block_drop.wav" id="12_bc0aw"]
[ext_resource type="AudioStream" uid="uid://depm6ridkm83g" path="res://Assets/block_land.wav" id="13_y4g23"]
[ext_resource type="PackedScene" path="res://Scenes/power_source.tscn" id="14_20ibb"]

[sub_resource type="ProceduralSkyMaterial" id="ProceduralSkyMaterial_6he5u"]
sky_top_color = Color(0.5803922, 0.77254903, 0.8509804, 1)
sky_horizon_color = Color(0.9372549, 0.78039217, 0.5647059, 1)
ground_horizon_color = Color(0.66224277, 0.6717428, 0.6867428, 1)

[sub_resource type="Sky" id="Sky_8yig3"]
sky_material = SubResource("ProceduralSkyMaterial_6he5u")

[sub_resource type="Environment" id="Environment_w6xic"]
background_mode = 2
sky = SubResource("Sky_8yig3")
tonemap_mode = 2
ssr_enabled = true
ssao_enabled = true
ssil_enabled = true
sdfgi_enabled = true
glow_enabled = true
fog_mode = 1
fog_light_color = Color(0.31709173, 0.51418024, 0.59373134, 1)
fog_density = 1.0
fog_sky_affect = 0.0

[sub_resource type="PlaneMesh" id="PlaneMesh_qguuj"]
size = Vector2(300, 300)

[sub_resource type="ConvexPolygonShape3D" id="ConvexPolygonShape3D_6he5u"]
points = PackedVector3Array(-150, 0, -150, -150, 0, 150, 150, 0, -150, 150, 0, 150)

[sub_resource type="AudioStreamPlaylist" id="AudioStreamPlaylist_0pk2v"]
stream_count = 3
stream_0 = ExtResource("11_20ibb")
stream_1 = ExtResource("12_bc0aw")
stream_2 = ExtResource("13_y4g23")

[node name="Puzzle1" type="Node3D" unique_id=1325850728]

[node name="Env" type="Node3D" parent="." unique_id=294698956]

[node name="WorldEnvironment" type="WorldEnvironment" parent="Env" unique_id=664047046]
environment = SubResource("Environment_w6xic")

[node name="DirectionalLight3D" type="DirectionalLight3D" parent="Env" unique_id=2038308061]
transform = Transform3D(0.7071068, -0.61237246, 0.35355327, 2.7805946e-08, 0.49999994, 0.86602545, -0.7071067, -0.6123725, 0.35355338, 0, 0, 0)
light_color = Color(0.9372549, 0.78039217, 0.5647059, 1)
shadow_enabled = true

[node name="Ground" type="MeshInstance3D" parent="." unique_id=2093947366]
transform = Transform3D(1, 0, 0, 0, 1, 0, 0, 0, 1, 0, 0, -10.5)
material_override = ExtResource("1_5wffj")
mesh = SubResource("PlaneMesh_qguuj")

[node name="StaticBody3D" type="StaticBody3D" parent="Ground" unique_id=1022233546]

[node name="CollisionShape3D" type="CollisionShape3D" parent="Ground/StaticBody3D" unique_id=1607648473]
shape = SubResource("ConvexPolygonShape3D_6he5u")

[node name="Player" parent="." unique_id=783204240 instance=ExtResource("2_jesp8")]
transform = Transform3D(-0.5000001, 0, 0.8660255, 0, 1, 0, -0.8660255, 0, -0.5000001, -4, 15.5, -17.5)

[node name="ExitDoor" parent="." unique_id=91984872 instance=ExtResource("9_6he5u")]
transform = Transform3D(-4.371139e-08, 0, 1, 0, 1, 0, -1, 0, -4.371139e-08, -23, 17, -18.5)
power_locks = Array[NodePath]([NodePath("../PowerLock"), NodePath("../PowerLock2")])

[node name="EnvBlocks" type="CSGCombiner3D" parent="." unique_id=1369986168]
use_collision = true

[node name="CSGBox3D" type="CSGBox3D" parent="EnvBlocks" unique_id=1597356478]
transform = Transform3D(1, 0, 0, 0, 1, 0, 0, 0, 1, -21.5, 8.5, -16.25)
size = Vector3(7, 17, 17.5)

[node name="FreeConnectors" type="Node3D" parent="." unique_id=584000069]

[node name="ConnectorStraight2" parent="FreeConnectors" unique_id=31341810 instance=ExtResource("7_6he5u")]
transform = Transform3D(1, 0, 0, 0, 1, 0, 0, 0, 1, 16, 0, -9)

[node name="ConnectorStraight3" parent="FreeConnectors" unique_id=2077787924 instance=ExtResource("7_6he5u")]
transform = Transform3D(1.3113416e-07, 0, 1, 0, 1, 0, -1, 0, 1.3113416e-07, 0, 0, -13)

[node name="ConnectorCorner" parent="FreeConnectors" unique_id=67998486 instance=ExtResource("6_cmxtg")]
transform = Transform3D(1, 0, 0, 0, 1, 0, 0, 0, 1, -4, 0, -13)

[node name="ConnectorCorner2" parent="FreeConnectors" unique_id=1576909129 instance=ExtResource("6_cmxtg")]
transform = Transform3D(-4.371139e-08, 0, 1, 0, 1, 0, -1, 0, -4.371139e-08, 10, 0, -6.5)

[node name="ConnectorStraight" parent="FreeConnectors" unique_id=187004618 instance=ExtResource("7_6he5u")]
transform = Transform3D(-4.371139e-08, 0, -1, 0, 1, 0, 1, 0, -4.371139e-08, 13.5, 0, -6.5)

[node name="ConnectorStraight4" parent="FreeConnectors" unique_id=638706761 instance=ExtResource("7_6he5u")]
transform = Transform3D(1, 0, 0, 0, 1, 0, 0, 0, 1, 10, 0, -10.5)

[node name="ConnectorCorner3" parent="FreeConnectors" unique_id=501538030 instance=ExtResource("6_cmxtg")]
transform = Transform3D(-4.371139e-08, 0, -1, 0, 1, 0, 1, 0, -4.371139e-08, 10, 0, -13)

[node name="ConnectorStraight5" parent="FreeConnectors" unique_id=283077391 instance=ExtResource("7_6he5u")]
transform = Transform3D(-4.371139e-08, 0, -1, 0, 1, 0, 1, 0, -4.371139e-08, 4, 0, -13)

[node name="ConnectorStraight6" parent="FreeConnectors" unique_id=1931088241 instance=ExtResource("7_6he5u")]
transform = Transform3D(1, 0, 0, 0, 1, 0, 0, 0, 1, -4, 0, -9)

[node name="ConnectorStraight7" parent="FreeConnectors" unique_id=1281983642 instance=ExtResource("7_6he5u")]
transform = Transform3D(-4.371139e-08, 0, -1, 0, 1, 0, 1, 0, -4.371139e-08, -8, 0, -5)

[node name="ConnectorStraight8" parent="FreeConnectors" unique_id=1703283561 instance=ExtResource("7_6he5u")]
transform = Transform3D(1, 0, 0, 0, 1, 0, 0, 0, 1, -4, 0, -1)

[node name="ConnectorCorner4" parent="FreeConnectors" unique_id=48762758 instance=ExtResource("6_cmxtg")]
transform = Transform3D(-4.371139e-08, 0, 1, 0, 1, 0, -1, 0, -4.371139e-08, -4, 0, 3)

[node name="ConnectorHalf" parent="FreeConnectors" unique_id=498816605 instance=ExtResource("9_8yig3")]
transform = Transform3D(-4.371139e-08, 0, -1, 0, 1, 0, 1, 0, -4.371139e-08, 7, 0, -13)

[node name="ConnectorStraight9" parent="FreeConnectors" unique_id=1085869693 instance=ExtResource("7_6he5u")]
transform = Transform3D(1, 0, 0, 0, 1, 0, 0, 0, 1, -12, 0, -1)

[node name="PowerSource2" parent="." unique_id=2103182906 instance=ExtResource("14_20ibb")]
transform = Transform3D(1, 0, 0, 0, 1, 0, 0, 0, 1, -12, 0, 1.5)

[node name="PowerSource" parent="." unique_id=174511942 instance=ExtResource("14_20ibb")]
transform = Transform3D(1, 0, 0, 0, 1, 0, 0, 0, 1, 16, 0, -6.5)

[node name="PowerLock" parent="." unique_id=1506979964 instance=ExtResource("10_8yig3")]
transform = Transform3D(1, 0, 0, 0, 1, 0, 0, 0, 1, 0, 0, -9.5)

[node name="PowerLock2" parent="." unique_id=1217258266 instance=ExtResource("10_8yig3")]
transform = Transform3D(1, 0, 0, 0, 1, 0, 0, 0, 1, -0.5, 0, 3)

[node name="BackgroundBlocks" type="Node3D" parent="." unique_id=1041218238]

[node name="CSGCombiner3D" type="CSGCombiner3D" parent="BackgroundBlocks" unique_id=767074072]
use_collision = true

[node name="CSGBox3D" type="CSGBox3D" parent="BackgroundBlocks/CSGCombiner3D" unique_id=540199197]
transform = Transform3D(1, 0, 0, 0, 1, 0, 0, 0, 1, 0, 4, 6.5)
size = Vector3(50, 8.245, 1)

[node name="CSGBox3D2" type="CSGBox3D" parent="BackgroundBlocks/CSGCombiner3D" unique_id=123295850]
transform = Transform3D(1, 0, 0, 0, 1, 0, 0, 0, 1, 0, 4, -28)
size = Vector3(50, 8.245, 1)

[node name="CSGBox3D3" type="CSGBox3D" parent="BackgroundBlocks/CSGCombiner3D" unique_id=331909290]
transform = Transform3D(-4.371139e-08, 0, -1, 0, 1, 0, 1, 0, -4.371139e-08, 25.5, 4, -10.75)
size = Vector3(35.5, 8.245, 1)

[node name="CSGBox3D4" type="CSGBox3D" parent="BackgroundBlocks/CSGCombiner3D" unique_id=1781826343]
transform = Transform3D(-4.371139e-08, 0, -1, 0, 1, 0, 1, 0, -4.371139e-08, -24.5, 13.377501, -10.75)
size = Vector3(35.5, 27, 1)

[node name="CSGBox3D5" type="CSGBox3D" parent="BackgroundBlocks/CSGCombiner3D" unique_id=329807086]
transform = Transform3D(1, 0, 0, 0, 1, 0, 0, 0, 1, -27, 20.25, -18.5)
operation = 2
size = Vector3(13, 5.5, 4)

[node name="CSGCombiner3D2" type="CSGCombiner3D" parent="BackgroundBlocks" unique_id=40854627]
transform = Transform3D(1, 0, 0, 0, 1, 0, 0, 0, 1, 0, 0, 20)
cast_shadow = 0

[node name="CSGBox3D" type="CSGBox3D" parent="BackgroundBlocks/CSGCombiner3D2" unique_id=1769849868]
transform = Transform3D(1, 0, 0, 0, 1, 0, 0, 0, 1, 12, 11.25, 11.5)
size = Vector3(25, 23.5, 24)

[node name="CSGBox3D4" type="CSGBox3D" parent="BackgroundBlocks/CSGCombiner3D2" unique_id=483630085]
transform = Transform3D(0.70710677, 0, 0.70710677, 0, 1, 0, -0.70710677, 0, 0.70710677, 42, 14.5, -0.5)
size = Vector3(25, 30, 24)

[node name="CSGBox3D5" type="CSGBox3D" parent="BackgroundBlocks/CSGCombiner3D2" unique_id=986022567]
transform = Transform3D(0.99999994, 0, 0, 0, 1, 0, 0, 0, 0.99999994, 33, 23.75, -70)
size = Vector3(25, 48.5, 24)

[node name="CSGBox3D6" type="CSGBox3D" parent="BackgroundBlocks/CSGCombiner3D2" unique_id=1847071340]
transform = Transform3D(0.9659257, 0, -0.25881898, 0, 1, 0, 0.25881898, 0, 0.9659257, -40, 23.75, -51)
size = Vector3(25, 48.5, 24)

[node name="CSGBox3D7" type="CSGBox3D" parent="BackgroundBlocks/CSGCombiner3D2" unique_id=1085704867]
transform = Transform3D(0.70710665, 0, 0.70710665, 0, 1, 0, -0.70710665, 0, 0.70710665, -41.5, 27.75, -17)
size = Vector3(25, 56.5, 24)

[node name="CSGBox3D3" type="CSGBox3D" parent="BackgroundBlocks/CSGCombiner3D2" unique_id=1986160887]
transform = Transform3D(1, 0, 0, 0, 1, 0, 0, 0, 1, 8.75, 19.25, 40)
size = Vector3(43.5, 39.5, 24)

[node name="CSGBox3D2" type="CSGBox3D" parent="BackgroundBlocks/CSGCombiner3D2" unique_id=1579445268]
transform = Transform3D(0.9659258, 0, 0.25881904, 0, 1, 0, -0.25881904, 0, 0.9659258, -16, 18, 11.5)
size = Vector3(25, 37, 24)

[node name="CSGCombiner3D3" type="CSGCombiner3D" parent="BackgroundBlocks" unique_id=851544620]
transform = Transform3D(-0.8660254, 0, -0.50000006, 0, 1, 0, 0.50000006, 0, -0.8660254, 2.5, 0, -44)
cast_shadow = 0

[node name="CSGBox3D" type="CSGBox3D" parent="BackgroundBlocks/CSGCombiner3D3" unique_id=1932380105]
transform = Transform3D(1, 0, 0, 0, 1, 0, 0, 0, 1, 12, 11.25, 11.5)
size = Vector3(25, 23.5, 24)

[node name="CSGBox3D3" type="CSGBox3D" parent="BackgroundBlocks/CSGCombiner3D3" unique_id=1207194780]
transform = Transform3D(1, 0, 0, 0, 1, 0, 0, 0, 1, 8.75, 19.25, 40)
size = Vector3(43.5, 39.5, 24)

[node name="CSGBox3D2" type="CSGBox3D" parent="BackgroundBlocks/CSGCombiner3D3" unique_id=1569271357]
transform = Transform3D(0.9659258, 0, 0.25881904, 0, 1, 0, -0.25881904, 0, 0.9659258, -16, 18, 11.5)
size = Vector3(25, 37, 24)

[node name="CSGCombiner3D4" type="CSGCombiner3D" parent="BackgroundBlocks" unique_id=1125343204]
transform = Transform3D(-0.59000003, 0, 1.02191, 0, 1.18, 0, -1.02191, 0, -0.59000003, 44, 0.245, -6)
cast_shadow = 0

[node name="CSGBox3D" type="CSGBox3D" parent="BackgroundBlocks/CSGCombiner3D4" unique_id=1330629098]
transform = Transform3D(1, 0, 0, 0, 1, 0, 0, 0, 1, 12, 11.25, 11.5)
size = Vector3(25, 23.5, 24)

[node name="CSGBox3D3" type="CSGBox3D" parent="BackgroundBlocks/CSGCombiner3D4" unique_id=327725047]
transform = Transform3D(1, 0, 0, 0, 1, 0, 0, 0, 1, 8.75, 19.25, 40)
size = Vector3(43.5, 39.5, 24)

[node name="CSGBox3D2" type="CSGBox3D" parent="BackgroundBlocks/CSGCombiner3D4" unique_id=517628150]
transform = Transform3D(0.9659258, 0, 0.25881904, 0, 1, 0, -0.25881904, 0, 0.9659258, -16, 18, 11.5)
size = Vector3(25, 37, 24)

[node name="WearGenerator" type="CSGCombiner3D" parent="." unique_id=2110263521]
use_collision = true
script = ExtResource("4_8yig3")
chunks_per_unit = 1.0
chunk_size_min = Vector3(0.3, 0.4, 0.5)
metadata/_custom_type_script = "uid://cup175gyx0lky"

[node name="Column" parent="." unique_id=1838435091 instance=ExtResource("4_qguuj")]
transform = Transform3D(1, 0, 0, 0, 1, 0, 0, 0, 1, -4, 7, -17.5)
size = Vector3(4, 14, 4)

[node name="DropDelay2" type="Timer" parent="Column" unique_id=1000414553]
wait_time = 0.5
one_shot = true

[node name="BottomTime2" type="Timer" parent="Column" unique_id=1578340840]
wait_time = 3.0
one_shot = true

[node name="AudioStreamPlayer3D2" type="AudioStreamPlayer3D" parent="Column" unique_id=1102018613]
transform = Transform3D(1, 0, 0, 0, 1, 0, 0, 0, 1, 0, 2, 0)
stream = SubResource("AudioStreamPlaylist_0pk2v")

[node name="DropDelay3" type="Timer" parent="Column" unique_id=119147591]
wait_time = 0.5
one_shot = true

[node name="BottomTime3" type="Timer" parent="Column" unique_id=111785872]
wait_time = 3.0
one_shot = true

[node name="AudioStreamPlayer3D3" type="AudioStreamPlayer3D" parent="Column" unique_id=874924527]
transform = Transform3D(1, 0, 0, 0, 1, 0, 0, 0, 1, 0, 2, 0)
stream = SubResource("AudioStreamPlaylist_0pk2v")

[node name="WearChunk_0_0" type="CSGBox3D" parent="Column" unique_id=1474913510]
transform = Transform3D(0.54203165, 0.81427455, -0.20774654, 0.08590813, 0.19222583, 0.9775832, 0.83595544, -0.5477282, 0.03423968, 2, 4.1693535, -2)
operation = 2
size = Vector3(0.3309713, 0.57467806, 0.53612596)
metadata/wear_chunk = true

[node name="WearChunk_0_1" type="CSGBox3D" parent="Column" unique_id=246719524]
transform = Transform3D(0.7457309, -0.028474629, -0.6656386, -0.47113088, -0.7289641, -0.49663568, -0.47108513, 0.6839595, -0.55702627, -2, -0.98609734, 2)
operation = 2
size = Vector3(0.31871417, 0.43213147, 0.5386345)
metadata/wear_chunk = true

[node name="WearChunk_0_2" type="CSGBox3D" parent="Column" unique_id=2009584192]
transform = Transform3D(-0.5583916, 0.78034663, 0.281528, 0.478607, 0.58022404, -0.65899575, -0.6775944, -0.2332364, -0.69747156, 2, -4.126307, 2)
operation = 2
size = Vector3(0.33410376, 0.44436228, 0.526319)
metadata/wear_chunk = true

[node name="WearChunk_0_3" type="CSGBox3D" parent="Column" unique_id=961333907]
transform = Transform3D(-0.6261219, -0.7665689, -0.14263041, -0.21739313, -0.004048536, 0.9760757, -0.7488068, 0.64214927, -0.16411194, 2, 5.3993664, 2)
operation = 2
size = Vector3(0.57632434, 0.40087658, 0.53411156)
metadata/wear_chunk = true

[node name="WearChunk_0_4" type="CSGBox3D" parent="Column" unique_id=1488397017]
transform = Transform3D(0.03976576, 0.9383152, 0.34348693, -0.99434686, 0.0032896176, 0.10612997, 0.09845342, -0.34576547, 0.9331416, -2, 4.635973, -2)
operation = 2
size = Vector3(0.59813195, 0.6795521, 0.55573815)
metadata/wear_chunk = true

[node name="WearChunk_0_5" type="CSGBox3D" parent="Column" unique_id=920891544]
transform = Transform3D(0.91067815, 0.41255838, -0.021470396, -0.027883206, 0.009529688, -0.9995658, -0.4121746, 0.91088134, 0.02018193, 2, 2.5072365, 2)
operation = 2
size = Vector3(0.4356096, 0.58821356, 0.58747727)
metadata/wear_chunk = true

[node name="WearChunk_0_6" type="CSGBox3D" parent="Column" unique_id=1178546259]
transform = Transform3D(0.92681277, -0.36952865, 0.066832684, 0.103565864, 0.080455765, -0.99136317, 0.36095995, 0.92572963, 0.112837985, 2, 6.4342375, -2)
operation = 2
size = Vector3(0.4648778, 0.6457468, 0.50951254)
metadata/wear_chunk = true

[node name="WearChunk_0_7" type="CSGBox3D" parent="Column" unique_id=1150962261]
transform = Transform3D(0.17963284, -0.9750219, 0.13063072, -0.42193887, 0.04359074, 0.90557575, -0.8886505, -0.2177893, -0.4035693, -2, -4.0066366, -2)
operation = 2
size = Vector3(0.5770271, 0.5165292, 0.59168667)
metadata/wear_chunk = true

[node name="WearChunk_0_8" type="CSGBox3D" parent="Column" unique_id=957188413]
transform = Transform3D(0.8265542, 0.29221356, -0.4810607, -0.5141592, 0.044235878, -0.85655326, -0.22901635, 0.9553295, 0.18680765, -2, -2.6307049, -2)
operation = 2
size = Vector3(0.30278847, 0.66327643, 0.55482274)
metadata/wear_chunk = true

[node name="WearChunk_0_9" type="CSGBox3D" parent="Column" unique_id=1926776696]
transform = Transform3D(0.52278996, 0.8491784, 0.07474445, 0.12969078, 0.007430807, -0.99152666, -0.8425384, 0.5280538, -0.10624585, -2, -5.626228, -2)
operation = 2
size = Vector3(0.479133, 0.46939605, 0.529466)
metadata/wear_chunk = true

[node name="WearChunk_0_10" type="CSGBox3D" parent="Column" unique_id=1101981215]
transform = Transform3D(0.89736366, -0.4403406, 0.028956654, 0.03178311, -0.00095607806, -0.9994943, 0.4401456, 0.8978303, 0.013137444, 2, -6.4893513, 2)
operation = 2
size = Vector3(0.37958744, 0.46953243, 0.52540284)
metadata/wear_chunk = true

[node name="WearChunk_0_11" type="CSGBox3D" parent="Column" unique_id=1499155344]
transform = Transform3D(0.65370846, 0.6475898, -0.39152628, 0.6780688, -0.27154088, 0.6829994, 0.33598804, -0.71196425, -0.616619, 2, 4.683202, 2)
operation = 2
size = Vector3(0.43067545, 0.54482615, 0.59698766)
metadata/wear_chunk = true

[node name="WearChunk_0_12" type="CSGBox3D" parent="Column" unique_id=2135040603]
transform = Transform3D(-0.30951858, -0.9355136, 0.1703306, 0.008361148, -0.18179753, -0.98330045, 0.9508566, -0.3029256, 0.06409168, -2, 4.283766, 2)
operation = 2
size = Vector3(0.5828013, 0.7803572, 0.58809197)
metadata/wear_chunk = true

[node name="WearChunk_0_13" type="CSGBox3D" parent="Column" unique_id=646892319]
transform = Transform3D(-0.6939895, -0.23179336, -0.6816527, -0.37151876, -0.6956894, 0.61480904, -0.6167272, 0.6799178, 0.39668554, 2, -4.904748, -2)
operation = 2
size = Vector3(0.5291816, 0.58588123, 0.54243046)
metadata/wear_chunk = true

[node name="Column8" parent="." unique_id=2003591922 instance=ExtResource("4_qguuj")]
transform = Transform3D(1, 0, 0, 0, 1, 0, 0, 0, 1, -4, 7, -5)
size = Vector3(4, 14, 4)

[node name="DropDelay2" type="Timer" parent="Column8" unique_id=487343542]
wait_time = 0.5
one_shot = true

[node name="BottomTime2" type="Timer" parent="Column8" unique_id=1777288588]
wait_time = 3.0
one_shot = true

[node name="AudioStreamPlayer3D2" type="AudioStreamPlayer3D" parent="Column8" unique_id=552724109]
transform = Transform3D(1, 0, 0, 0, 1, 0, 0, 0, 1, 0, 2, 0)
stream = SubResource("AudioStreamPlaylist_0pk2v")

[node name="DropDelay3" type="Timer" parent="Column8" unique_id=1100927493]
wait_time = 0.5
one_shot = true

[node name="BottomTime3" type="Timer" parent="Column8" unique_id=1572350309]
wait_time = 3.0
one_shot = true

[node name="AudioStreamPlayer3D3" type="AudioStreamPlayer3D" parent="Column8" unique_id=378211553]
transform = Transform3D(1, 0, 0, 0, 1, 0, 0, 0, 1, 0, 2, 0)
stream = SubResource("AudioStreamPlaylist_0pk2v")

[node name="ConnectorT" parent="Column8" unique_id=133770736 instance=ExtResource("8_8yig3")]
transform = Transform3D(0.004232504, -0.0026263772, -0.9999876, 0.0020725804, 0.9999944, -0.0026176223, 0.9999889, -0.0020614748, 0.0042379242, 0, 7, 0)

[node name="WearChunk_1_0" type="CSGBox3D" parent="Column8" unique_id=643351506]
transform = Transform3D(-0.43358636, 0.8121226, -0.39046085, -0.52885175, -0.5801741, -0.6194464, -0.72960174, -0.062087625, 0.68104804, 2, -0.60267496, -2)
operation = 2
size = Vector3(0.3920747, 0.7174866, 0.58461815)
metadata/wear_chunk = true

[node name="WearChunk_1_1" type="CSGBox3D" parent="Column8" unique_id=959657542]
transform = Transform3D(0.93852097, -0.3421193, 0.046180185, 0.23710135, 0.5415619, -0.80653185, 0.2509207, 0.7678965, 0.5893842, 2, -3.664925, -2)
operation = 2
size = Vector3(0.5452217, 0.5013493, 0.5745936)
metadata/wear_chunk = true

[node name="WearChunk_1_2" type="CSGBox3D" parent="Column8" unique_id=847335366]
transform = Transform3D(0.48564607, -0.8470776, -0.21588759, 0.059764653, 0.27856353, -0.9585565, 0.8721101, 0.45261675, 0.1859086, -2, -4.055914, -2)
operation = 2
size = Vector3(0.37960863, 0.513345, 0.5770058)
metadata/wear_chunk = true

[node name="WearChunk_1_3" type="CSGBox3D" parent="Column8" unique_id=518790984]
transform = Transform3D(-0.23959012, 0.7301715, -0.6398797, -0.95826584, -0.07197769, 0.2766691, 0.15595886, 0.6794621, 0.71694356, -2, 0.5891347, 2)
operation = 2
size = Vector3(0.45873302, 0.7745741, 0.5608105)
metadata/wear_chunk = true

[node name="WearChunk_1_4" type="CSGBox3D" parent="Column8" unique_id=71882745]
transform = Transform3D(-0.18397662, -0.9826934, -0.021594364, 0.20026511, -0.015966332, -0.97961164, 0.9623131, -0.18455026, 0.19973664, -2, 5.0279503, -2)
operation = 2
size = Vector3(0.5487702, 0.54033995, 0.57094485)
metadata/wear_chunk = true

[node name="WearChunk_1_5" type="CSGBox3D" parent="Column8" unique_id=1587001300]
transform = Transform3D(0.20111857, -0.9631215, -0.17874098, -0.95208377, -0.14927483, -0.26693347, 0.23040785, 0.22386166, -0.9469943, -2, -5.502071, 2)
operation = 2
size = Vector3(0.34192526, 0.6798731, 0.5319296)
metadata/wear_chunk = true

[node name="WearChunk_1_6" type="CSGBox3D" parent="Column8" unique_id=51457576]
transform = Transform3D(0.48972458, 0.63312995, -0.59942997, 0.70979065, -0.68877345, -0.1476088, -0.50632703, -0.35318217, -0.786699, -2, 0.3549757, -2)
operation = 2
size = Vector3(0.40303716, 0.5538839, 0.5924828)
metadata/wear_chunk = true

[node name="WearChunk_1_7" type="CSGBox3D" parent="Column8" unique_id=1564575055]
transform = Transform3D(0.43615043, -0.07031827, 0.89712214, -0.03850557, 0.99457073, 0.0966766, -0.8990495, -0.07670975, 0.43107483, -2, -4.6652527, -2)
operation = 2
size = Vector3(0.4889255, 0.5346524, 0.56871307)
metadata/wear_chunk = true

[node name="WearChunk_1_8" type="CSGBox3D" parent="Column8" unique_id=1696694632]
transform = Transform3D(-0.49938604, 0.5812007, -0.6425101, 0.07768018, 0.76865363, 0.634931, 0.8628901, 0.26716542, -0.42900267, -2, 1.7536011, 2)
operation = 2
size = Vector3(0.5238377, 0.5458615, 0.5480301)
metadata/wear_chunk = true

[node name="WearChunk_1_9" type="CSGBox3D" parent="Column8" unique_id=1361871413]
transform = Transform3D(-0.34722656, 0.29184753, -0.891212, -0.7847458, 0.42987752, 0.4465192, 0.5134275, 0.85441816, 0.07976123, -2, 4.0840797, -2)
operation = 2
size = Vector3(0.4847266, 0.5827718, 0.57311964)
metadata/wear_chunk = true

[node name="WearChunk_1_10" type="CSGBox3D" parent="Column8" unique_id=31277621]
transform = Transform3D(0.18410966, 0.33230707, 0.9250274, 0.9695118, -0.21623263, -0.115283996, 0.16171141, 0.9180499, -0.3619861, -2, 6.590891, -2)
operation = 2
size = Vector3(0.41829687, 0.42821932, 0.5038588)
metadata/wear_chunk = true

[node name="WearChunk_1_11" type="CSGBox3D" parent="Column8" unique_id=1277248428]
transform = Transform3D(0.47782025, -0.21060695, 0.85283786, -0.07217854, 0.95814043, 0.2770508, -0.8754873, -0.19393708, 0.4426176, -2, 5.646924, -2)
operation = 2
size = Vector3(0.39181313, 0.42498773, 0.59346855)
metadata/wear_chunk = true

[node name="WearChunk_1_12" type="CSGBox3D" parent="Column8" unique_id=802690423]
transform = Transform3D(-0.19068465, 0.8809222, 0.433146, 0.89274573, 0.3391116, -0.29666212, -0.40822107, 0.33012033, -0.8511029, -2, -0.7638383, -2)
operation = 2
size = Vector3(0.39441568, 0.5882871, 0.5649147)
metadata/wear_chunk = true

[node name="WearChunk_1_13" type="CSGBox3D" parent="Column8" unique_id=1616588343]
transform = Transform3D(0.6029983, -0.5343827, -0.59230745, -0.31287324, -0.84141314, 0.44060665, -0.7338279, -0.08036792, -0.6745648, 2, 1.8026142, 2)
operation = 2
size = Vector3(0.49680644, 0.79748833, 0.55945146)
metadata/wear_chunk = true

[node name="Column10" parent="." unique_id=1295036773 instance=ExtResource("4_qguuj")]
transform = Transform3D(1, 0, 0, 0, 1, 0, 0, 0, 1, -12, 7, -5)
size = Vector3(4, 14, 4)

[node name="DropDelay2" type="Timer" parent="Column10" unique_id=1462586974]
wait_time = 0.5
one_shot = true

[node name="BottomTime2" type="Timer" parent="Column10" unique_id=782585843]
wait_time = 3.0
one_shot = true

[node name="AudioStreamPlayer3D2" type="AudioStreamPlayer3D" parent="Column10" unique_id=999007085]
transform = Transform3D(1, 0, 0, 0, 1, 0, 0, 0, 1, 0, 2, 0)
stream = SubResource("AudioStreamPlaylist_0pk2v")

[node name="DropDelay3" type="Timer" parent="Column10" unique_id=63244882]
wait_time = 0.5
one_shot = true

[node name="BottomTime3" type="Timer" parent="Column10" unique_id=924413682]
wait_time = 3.0
one_shot = true

[node name="AudioStreamPlayer3D3" type="AudioStreamPlayer3D" parent="Column10" unique_id=2069710177]
transform = Transform3D(1, 0, 0, 0, 1, 0, 0, 0, 1, 0, 2, 0)
stream = SubResource("AudioStreamPlaylist_0pk2v")

[node name="ConnectorCorner" parent="Column10" unique_id=813231259 instance=ExtResource("6_cmxtg")]
transform = Transform3D(1, 0, 0, 0, 1, 0, 0, 0, 1, 0, 7, 0)

[node name="WearChunk_2_0" type="CSGBox3D" parent="Column10" unique_id=382400895]
transform = Transform3D(-0.8119675, 0.4090164, 0.41643056, -0.5836468, -0.5787901, -0.5695248, 0.0080809, -0.705484, 0.70867985, 2, -4.28381, 2)
operation = 2
size = Vector3(0.33586225, 0.6152807, 0.58435595)
metadata/wear_chunk = true

[node name="WearChunk_2_1" type="CSGBox3D" parent="Column10" unique_id=1373312141]
transform = Transform3D(-0.35627025, 0.92009956, -0.16275251, -0.2119401, -0.2492171, -0.9449721, -0.91002905, -0.30217162, 0.2837946, -2, -0.1777215, -2)
operation = 2
size = Vector3(0.59504765, 0.6978302, 0.5175449)
metadata/wear_chunk = true

[node name="WearChunk_2_2" type="CSGBox3D" parent="Column10" unique_id=1083538263]
transform = Transform3D(-0.754246, -0.40824714, 0.5142443, -0.40582737, -0.32582748, -0.8538973, 0.51615614, -0.8527431, 0.080076195, -2, 1.0185747, -2)
operation = 2
size = Vector3(0.5612633, 0.5568274, 0.54860175)
metadata/wear_chunk = true

[node name="WearChunk_2_3" type="CSGBox3D" parent="Column10" unique_id=854599401]
transform = Transform3D(-0.9599416, 0.27844337, 0.03132656, 0.23276612, 0.73019826, 0.6423632, 0.15598717, 0.62392294, -0.7657599, 2, -5.3851256, -2)
operation = 2
size = Vector3(0.3414657, 0.5430889, 0.57385284)
metadata/wear_chunk = true

[node name="WearChunk_2_4" type="CSGBox3D" parent="Column10" unique_id=1248688295]
transform = Transform3D(0.97791636, 0.1925197, -0.0813372, 0.18518272, -0.61776143, 0.76425004, 0.09688619, -0.7624348, -0.6397704, 2, 3.763111, 2)
operation = 2
size = Vector3(0.575011, 0.43455893, 0.58408624)
metadata/wear_chunk = true

[node name="WearChunk_2_5" type="CSGBox3D" parent="Column10" unique_id=598104911]
transform = Transform3D(0.42215133, 0.7913776, 0.44216487, 0.30272296, 0.3366924, -0.89162606, -0.85448647, 0.51025456, -0.09743303, -2, -6.4686456, -2)
operation = 2
size = Vector3(0.39514035, 0.7412566, 0.5303159)
metadata/wear_chunk = true

[node name="WearChunk_2_6" type="CSGBox3D" parent="Column10" unique_id=1571151000]
transform = Transform3D(-0.37267855, -0.328611, 0.867828, 0.1975959, 0.88564974, 0.42021462, -0.90667886, 0.32808423, -0.2651305, -2, 0.40188265, 2)
operation = 2
size = Vector3(0.51125824, 0.423786, 0.5957308)
metadata/wear_chunk = true

[node name="WearChunk_2_7" type="CSGBox3D" parent="Column10" unique_id=312869299]
transform = Transform3D(0.27820212, -0.6549258, -0.70262057, 0.39092734, 0.7453758, -0.5399914, 0.8773707, -0.12444687, 0.46339354, -2, -0.1957469, 2)
operation = 2
size = Vector3(0.5315091, 0.43042505, 0.551738)
metadata/wear_chunk = true

[node name="WearChunk_2_8" type="CSGBox3D" parent="Column10" unique_id=1405417043]
transform = Transform3D(0.681841, 0.72118926, -0.12238816, -0.18204196, 0.32933924, 0.92649686, 0.7084868, -0.6094438, 0.3558437, -2, -3.3441942, 2)
operation = 2
size = Vector3(0.37237507, 0.77810216, 0.59824514)
metadata/wear_chunk = true

[node name="WearChunk_2_9" type="CSGBox3D" parent="Column10" unique_id=1971565927]
transform = Transform3D(-0.7952917, 0.0019517541, -0.6062238, -0.23392019, 0.92156357, 0.30984175, 0.55927855, 0.38822258, -0.7324553, 2, 3.115447, -2)
operation = 2
size = Vector3(0.40882772, 0.734948, 0.56436855)
metadata/wear_chunk = true

[node name="WearChunk_2_10" type="CSGBox3D" parent="Column10" unique_id=1565625790]
transform = Transform3D(0.3353881, -0.46896756, 0.8170583, 0.7951967, 0.6059739, 0.021396998, -0.5051505, 0.6425458, 0.57615787, -2, -2.1538763, 2)
operation = 2
size = Vector3(0.5634625, 0.5164949, 0.5069512)
metadata/wear_chunk = true

[node name="WearChunk_2_11" type="CSGBox3D" parent="Column10" unique_id=1115005348]
transform = Transform3D(-0.59353167, 0.7866573, 0.16997232, -0.79720163, -0.60363156, 0.009923621, 0.11040715, -0.12961222, 0.9853989, 2, 1.7042141, -2)
operation = 2
size = Vector3(0.48393106, 0.77945197, 0.55608475)
metadata/wear_chunk = true

[node name="WearChunk_2_12" type="CSGBox3D" parent="Column10" unique_id=859506147]
transform = Transform3D(-0.68465286, -0.61536586, 0.3906089, 0.40796685, 0.120556414, 0.9050023, -0.60399795, 0.7789679, 0.16850957, -2, 3.0048132, -2)
operation = 2
size = Vector3(0.42134473, 0.6791829, 0.5153406)
metadata/wear_chunk = true

[node name="WearChunk_2_13" type="CSGBox3D" parent="Column10" unique_id=1713718609]
transform = Transform3D(-0.92286474, -0.36374784, -0.12652378, 0.21202089, -0.2056003, -0.95539296, 0.32150882, -0.9085241, 0.2668634, 2, 2.3017883, 2)
operation = 2
size = Vector3(0.45332915, 0.67604226, 0.5085543)
metadata/wear_chunk = true

[node name="Column2" parent="." unique_id=1278527240 instance=ExtResource("4_qguuj")]
transform = Transform3D(1, 0, 0, 0, 1, 0, 0, 0, 1, 0, 4.5, -17)
size = Vector3(4, 9, 4)

[node name="DropDelay2" type="Timer" parent="Column2" unique_id=1700595869]
wait_time = 0.5
one_shot = true

[node name="BottomTime2" type="Timer" parent="Column2" unique_id=583288987]
wait_time = 3.0
one_shot = true

[node name="AudioStreamPlayer3D2" type="AudioStreamPlayer3D" parent="Column2" unique_id=761685965]
transform = Transform3D(1, 0, 0, 0, 1, 0, 0, 0, 1, 0, 2, 0)
stream = SubResource("AudioStreamPlaylist_0pk2v")

[node name="DropDelay3" type="Timer" parent="Column2" unique_id=1204252510]
wait_time = 0.5
one_shot = true

[node name="BottomTime3" type="Timer" parent="Column2" unique_id=153226009]
wait_time = 3.0
one_shot = true

[node name="AudioStreamPlayer3D3" type="AudioStreamPlayer3D" parent="Column2" unique_id=1272998383]
transform = Transform3D(1, 0, 0, 0, 1, 0, 0, 0, 1, 0, 2, 0)
stream = SubResource("AudioStreamPlaylist_0pk2v")

[node name="ConnectorCorner" parent="Column2" unique_id=1619947747 instance=ExtResource("6_cmxtg")]
transform = Transform3D(1, 0, 0, 0, 1, 0, 0, 0, 1, 0, 4.5, 0)

[node name="WearChunk_3_0" type="CSGBox3D" parent="Column2" unique_id=811779779]
transform = Transform3D(0.7425978, 0.6667126, -0.06358359, 0.6687821, -0.7331193, 0.123558186, 0.035763446, -0.13427761, -0.9902982, 2, -0.1370573, 2)
operation = 2
size = Vector3(0.39183855, 0.78982353, 0.58233523)
metadata/wear_chunk = true

[node name="WearChunk_3_1" type="CSGBox3D" parent="Column2" unique_id=1137935865]
transform = Transform3D(-0.9099765, -0.41335607, 0.032855917, 0.08508269, -0.263678, -0.96085113, 0.405837, -0.8715565, 0.27511021, 2, -1.1227555, -2)
operation = 2
size = Vector3(0.47441828, 0.5889849, 0.53705436)
metadata/wear_chunk = true

[node name="WearChunk_3_2" type="CSGBox3D" parent="Column2" unique_id=374335570]
transform = Transform3D(0.52520514, 0.42864683, -0.73513365, 0.84667534, -0.3499532, 0.40084124, -0.085443065, -0.8329434, -0.5467219, -2, 4.298785, 2)
operation = 2
size = Vector3(0.35957435, 0.7927225, 0.50826156)
metadata/wear_chunk = true

[node name="WearChunk_3_3" type="CSGBox3D" parent="Column2" unique_id=601640497]
transform = Transform3D(0.4937622, -0.71687675, -0.4922261, 0.5714319, 0.6941509, -0.43774444, 0.655488, -0.06513199, 0.7523917, 2, -2.0633965, -2)
operation = 2
size = Vector3(0.5406701, 0.44865897, 0.5317262)
metadata/wear_chunk = true

[node name="WearChunk_3_4" type="CSGBox3D" parent="Column2" unique_id=121653273]
transform = Transform3D(-0.84643346, -0.34407145, 0.40640524, 0.15312625, -0.88824874, -0.43308952, 0.5100027, -0.30435017, 0.80452985, -2, 2.7928715, -2)
operation = 2
size = Vector3(0.45781595, 0.49804932, 0.5637012)
metadata/wear_chunk = true

[node name="WearChunk_3_5" type="CSGBox3D" parent="Column2" unique_id=230562167]
transform = Transform3D(0.98644817, 0.15718535, -0.04703877, 0.037914887, 0.060549572, 0.99744487, 0.15963188, -0.9857112, 0.05376935, 2, 4.4894133, 2)
operation = 2
size = Vector3(0.3891505, 0.49466658, 0.5933029)
metadata/wear_chunk = true

[node name="WearChunk_3_6" type="CSGBox3D" parent="Column2" unique_id=1082876852]
transform = Transform3D(0.37473977, -0.75236326, 0.5417745, -0.56313413, 0.2795039, 0.77766156, -0.7365121, -0.59651244, -0.31894022, 2, 3.5699492, 2)
operation = 2
size = Vector3(0.5885663, 0.7661024, 0.5782074)
metadata/wear_chunk = true

[node name="WearChunk_3_7" type="CSGBox3D" parent="Column2" unique_id=945842828]
transform = Transform3D(0.96285284, -0.2597643, -0.07373547, 0.23169167, 0.65451455, 0.71967334, -0.13868453, -0.71002346, 0.6903865, -2, 0.9017601, 2)
operation = 2
size = Vector3(0.39134866, 0.5579743, 0.5700726)
metadata/wear_chunk = true

[node name="WearChunk_3_8" type="CSGBox3D" parent="Column2" unique_id=448206426]
transform = Transform3D(-0.09411675, 0.9955531, -0.004017529, 0.004670637, -0.0035938558, -0.99998266, -0.99555016, -0.094133854, -0.0043116254, 2, -2.893182, -2)
operation = 2
size = Vector3(0.32322395, 0.43613353, 0.54026455)
metadata/wear_chunk = true

[node name="Column3" parent="." unique_id=1202345540 instance=ExtResource("4_qguuj")]
transform = Transform3D(1, 0, 0, 0, 1, 0, 0, 0, 1, 4, 3, -17.5)
size = Vector3(4, 6, 4)

[node name="DropDelay2" type="Timer" parent="Column3" unique_id=1166600562]
wait_time = 0.5
one_shot = true

[node name="BottomTime2" type="Timer" parent="Column3" unique_id=1841617104]
wait_time = 3.0
one_shot = true

[node name="AudioStreamPlayer3D2" type="AudioStreamPlayer3D" parent="Column3" unique_id=1548744964]
transform = Transform3D(1, 0, 0, 0, 1, 0, 0, 0, 1, 0, 2, 0)
stream = SubResource("AudioStreamPlaylist_0pk2v")

[node name="DropDelay3" type="Timer" parent="Column3" unique_id=700354833]
wait_time = 0.5
one_shot = true

[node name="BottomTime3" type="Timer" parent="Column3" unique_id=998566086]
wait_time = 3.0
one_shot = true

[node name="AudioStreamPlayer3D3" type="AudioStreamPlayer3D" parent="Column3" unique_id=1676575381]
transform = Transform3D(1, 0, 0, 0, 1, 0, 0, 0, 1, 0, 2, 0)
stream = SubResource("AudioStreamPlaylist_0pk2v")

[node name="ConnectorStraight" parent="Column3" unique_id=627542821 instance=ExtResource("7_6he5u")]
transform = Transform3D(-4.371139e-08, 0, -1, 0, 1, 0, 1, 0, -4.371139e-08, 0, 3, 0.5)

[node name="WearChunk_4_0" type="CSGBox3D" parent="Column3" unique_id=309990201]
transform = Transform3D(-0.34970936, -0.7318872, -0.5848457, -0.5694709, 0.6617601, -0.48762336, 0.7439129, 0.16252616, -0.64821213, 2, -0.7070823, -2)
operation = 2
size = Vector3(0.44328216, 0.40949348, 0.533657)
metadata/wear_chunk = true

[node name="WearChunk_4_1" type="CSGBox3D" parent="Column3" unique_id=557824766]
transform = Transform3D(0.16513348, 0.9749102, 0.14926812, 0.12248926, 0.12990178, -0.98393184, -0.97863543, 0.18076387, -0.0979649, -2, 1.8568215, 2)
operation = 2
size = Vector3(0.42572993, 0.554658, 0.50767756)
metadata/wear_chunk = true

[node name="WearChunk_4_2" type="CSGBox3D" parent="Column3" unique_id=564423505]
transform = Transform3D(-0.52917904, 0.84849226, -0.0055125263, -0.0046010287, 0.003627215, 0.99998283, 0.8484977, 0.5291953, 0.001984491, 2, -2.993366, -2)
operation = 2
size = Vector3(0.59155875, 0.60846573, 0.5114735)
metadata/wear_chunk = true

[node name="WearChunk_4_3" type="CSGBox3D" parent="Column3" unique_id=957044617]
transform = Transform3D(-0.62291276, -0.78133136, 0.03874249, -0.5524347, 0.4042806, -0.7289535, 0.55389136, -0.47547707, -0.6834661, 2, -0.9329119, 2)
operation = 2
size = Vector3(0.500285, 0.7283472, 0.50198305)
metadata/wear_chunk = true

[node name="WearChunk_4_4" type="CSGBox3D" parent="Column3" unique_id=1018286711]
transform = Transform3D(0.32980034, 0.91613394, 0.22788234, 0.568871, -0.00021538632, -0.82242674, -0.75340396, 0.40087223, -0.5212331, 2, 1.9924827, -2)
operation = 2
size = Vector3(0.48636758, 0.7844185, 0.54818064)
metadata/wear_chunk = true

[node name="WearChunk_4_5" type="CSGBox3D" parent="Column3" unique_id=133735787]
transform = Transform3D(-0.81522024, -0.13176197, -0.5639635, -0.44634476, -0.4775633, 0.75677586, -0.36904252, 0.86866117, 0.33050796, -2, -1.0783324, 2)
operation = 2
size = Vector3(0.41774327, 0.5144914, 0.5227601)
metadata/wear_chunk = true

[node name="Column4" parent="." unique_id=1176377367 instance=ExtResource("4_qguuj")]
transform = Transform3D(1, 0, 0, 0, 1, 0, 0, 0, 1, 8, 2.25, -17)
size = Vector3(4, 4.5, 4)

[node name="DropDelay2" type="Timer" parent="Column4" unique_id=770372050]
wait_time = 0.5
one_shot = true

[node name="BottomTime2" type="Timer" parent="Column4" unique_id=858258919]
wait_time = 3.0
one_shot = true

[node name="AudioStreamPlayer3D2" type="AudioStreamPlayer3D" parent="Column4" unique_id=62036917]
transform = Transform3D(1, 0, 0, 0, 1, 0, 0, 0, 1, 0, 2, 0)
stream = SubResource("AudioStreamPlaylist_0pk2v")

[node name="DropDelay3" type="Timer" parent="Column4" unique_id=904134921]
wait_time = 0.5
one_shot = true

[node name="BottomTime3" type="Timer" parent="Column4" unique_id=834675449]
wait_time = 3.0
one_shot = true

[node name="AudioStreamPlayer3D3" type="AudioStreamPlayer3D" parent="Column4" unique_id=1022943535]
transform = Transform3D(1, 0, 0, 0, 1, 0, 0, 0, 1, 0, 2, 0)
stream = SubResource("AudioStreamPlaylist_0pk2v")

[node name="ConnectorStraight" parent="Column4" unique_id=281236160 instance=ExtResource("7_6he5u")]
transform = Transform3D(-4.371139e-08, 0, -1, 0, 1, 0, 1, 0, -4.371139e-08, 0, 2.25, 0)

[node name="WearChunk_5_0" type="CSGBox3D" parent="Column4" unique_id=534366213]
transform = Transform3D(0.14456528, 0.09237894, 0.98517364, -0.9737096, -0.16385202, 0.1582473, 0.1760414, -0.98215, 0.06626294, 2, 1.1411321, 2)
operation = 2
size = Vector3(0.45610952, 0.7487829, 0.5695878)
metadata/wear_chunk = true

[node name="WearChunk_5_1" type="CSGBox3D" parent="Column4" unique_id=2146650466]
transform = Transform3D(-0.10959906, -0.266235, -0.95765704, -0.6135347, 0.7761372, -0.14555529, 0.7820251, 0.57160306, -0.2484083, -2, -0.49950016, 2)
operation = 2
size = Vector3(0.48843396, 0.5485865, 0.5576641)
metadata/wear_chunk = true

[node name="WearChunk_5_2" type="CSGBox3D" parent="Column4" unique_id=1482243404]
transform = Transform3D(0.24522679, -0.06814259, 0.96706796, -0.80771273, -0.5660364, 0.16493319, 0.53615665, -0.82155913, -0.19384694, -2, -0.17880106, -2)
operation = 2
size = Vector3(0.49518353, 0.7420682, 0.55551517)
metadata/wear_chunk = true

[node name="WearChunk_5_3" type="CSGBox3D" parent="Column4" unique_id=2014201840]
transform = Transform3D(0.6947156, 0.37669882, -0.6127545, 0.5643547, -0.81363493, 0.1396493, -0.4459528, -0.4428275, -0.7778367, 2, 1.7410817, -2)
operation = 2
size = Vector3(0.42911837, 0.4862079, 0.50732136)
metadata/wear_chunk = true

[node name="WearChunk_5_4" type="CSGBox3D" parent="Column4" unique_id=1521020856]
transform = Transform3D(-0.79291147, 0.052309155, 0.6070874, -0.41117606, 0.68935084, -0.5964307, -0.44969505, -0.72253656, -0.5250859, 2, -2.2042432, -2)
operation = 2
size = Vector3(0.4002984, 0.7223662, 0.58778214)
metadata/wear_chunk = true

