[gd_scene format=3 uid="uid://4pbjw3vqklpe"]

[ext_resource type="Material" uid="uid://bkjw8iibm5v8k" path="res://Resources/Materials/ground.tres" id="1_5wffj"]
[ext_resource type="PackedScene" uid="uid://cvbcr0470tjtw" path="res://Scenes/player.tscn" id="2_jesp8"]
[ext_resource type="Script" uid="uid://cup175gyx0lky" path="res://Scripts/column_wear.gd" id="4_8yig3"]
[ext_resource type="PackedScene" uid="uid://byrd3q2g3f14n" path="res://Scenes/column.tscn" id="4_qguuj"]
[ext_resource type="PackedScene" uid="uid://dkdn87iqxsgeu" path="res://Scenes/connector_corner.tscn" id="6_cmxtg"]
[ext_resource type="PackedScene" uid="uid://lbx0y0rwmtqf" path="res://Scenes/connector_straight.tscn" id="7_6he5u"]
[ext_resource type="PackedScene" uid="uid://bhcmjt6k0vo2s" path="res://Scenes/connector_t.tscn" id="8_8yig3"]
[ext_resource type="PackedScene" uid="uid://dbekxuw8pugbb" path="res://Scenes/exit_door.tscn" id="9_6he5u"]
[ext_resource type="PackedScene" uid="uid://n6acdmsxqno0" path="res://Scenes/connector_half.tscn" id="9_8yig3"]
[ext_resource type="PackedScene" uid="uid://bmdyjms5is3or" path="res://Scenes/power_lock.tscn" id="10_8yig3"]
[ext_resource type="AudioStream" uid="uid://37xfqq5p0qr" path="res://Assets/block_activate.wav" id="11_20ibb"]
[ext_resource type="AudioStream" uid="uid://3iyyhpaon3kg" path="res://Assets/block_drop.wav" id="12_bc0aw"]
[ext_resource type="AudioStream" uid="uid://depm6ridkm83g" path="res://Assets/block_land.wav" id="13_y4g23"]
[ext_resource type="PackedScene" uid="uid://d3efw5h6etw7i" path="res://Scenes/power_source.tscn" id="14_20ibb"]
[ext_resource type="AudioStream" uid="uid://bjhyygsl5lv4f" path="res://Assets/ambiance.wav" id="15_bc0aw"]
[ext_resource type="AudioStream" uid="uid://dakul42hwtdqo" path="res://Assets/superjump.wav" id="15_y4g23"]

[sub_resource type="ProceduralSkyMaterial" id="ProceduralSkyMaterial_6he5u"]
sky_top_color = Color(0.5803922, 0.77254903, 0.8509804, 1)
sky_horizon_color = Color(0.9372549, 0.78039217, 0.5647059, 1)
ground_horizon_color = Color(0.66224277, 0.6717428, 0.6867428, 1)

[sub_resource type="Sky" id="Sky_8yig3"]
sky_material = SubResource("ProceduralSkyMaterial_6he5u")

[sub_resource type="Environment" id="Environment_w6xic"]
background_mode = 2
sky = SubResource("Sky_8yig3")
tonemap_mode = 2
ssr_enabled = true
ssao_enabled = true
ssil_enabled = true
glow_enabled = true
fog_mode = 1
fog_light_color = Color(0.31709173, 0.51418024, 0.59373134, 1)
fog_density = 1.0
fog_sky_affect = 0.0

[sub_resource type="PlaneMesh" id="PlaneMesh_qguuj"]
size = Vector2(300, 300)

[sub_resource type="ConvexPolygonShape3D" id="ConvexPolygonShape3D_6he5u"]
points = PackedVector3Array(-150, 0, -150, -150, 0, 150, 150, 0, -150, 150, 0, 150)

[sub_resource type="AudioStreamPlaylist" id="AudioStreamPlaylist_0pk2v"]
stream_count = 3
stream_0 = ExtResource("11_20ibb")
stream_1 = ExtResource("12_bc0aw")
stream_2 = ExtResource("13_y4g23")

[sub_resource type="AudioStreamPlaylist" id="AudioStreamPlaylist_4sbii"]
stream_count = 3
stream_0 = ExtResource("11_20ibb")
stream_1 = ExtResource("12_bc0aw")
stream_2 = ExtResource("13_y4g23")

[node name="Puzzle1" type="Node3D" unique_id=1325850728]

[node name="Env" type="Node3D" parent="." unique_id=294698956]

[node name="WorldEnvironment" type="WorldEnvironment" parent="Env" unique_id=664047046]
environment = SubResource("Environment_w6xic")

[node name="DirectionalLight3D" type="DirectionalLight3D" parent="Env" unique_id=2038308061]
transform = Transform3D(0.7071068, -0.61237246, 0.35355327, 2.7805946e-08, 0.49999994, 0.86602545, -0.7071067, -0.6123725, 0.35355338, 0, 0, 0)
light_color = Color(0.9372549, 0.78039217, 0.5647059, 1)
shadow_enabled = true

[node name="Ground" type="MeshInstance3D" parent="." unique_id=2093947366]
transform = Transform3D(1, 0, 0, 0, 1, 0, 0, 0, 1, 0, 0, -10.5)
material_override = ExtResource("1_5wffj")
mesh = SubResource("PlaneMesh_qguuj")

[node name="StaticBody3D" type="StaticBody3D" parent="Ground" unique_id=1022233546]

[node name="CollisionShape3D" type="CollisionShape3D" parent="Ground/StaticBody3D" unique_id=1607648473]
shape = SubResource("ConvexPolygonShape3D_6he5u")

[node name="Player" parent="." unique_id=783204240 instance=ExtResource("2_jesp8")]
transform = Transform3D(-0.5000001, 0, 0.8660255, 0, 1, 0, -0.8660255, 0, -0.5000001, -4, 15.5, -17.5)

[node name="ExitDoor" parent="." unique_id=91984872 instance=ExtResource("9_6he5u")]
transform = Transform3D(-4.371139e-08, 0, 1, 0, 1, 0, -1, 0, -4.371139e-08, -23, 17, -18.5)
power_locks = Array[NodePath]([NodePath("../PowerLock"), NodePath("../PowerLock2")])

[node name="EnvBlocks" type="CSGCombiner3D" parent="." unique_id=1369986168]
use_collision = true

[node name="CSGBox3D" type="CSGBox3D" parent="EnvBlocks" unique_id=1597356478]
transform = Transform3D(1, 0, 0, 0, 1, 0, 0, 0, 1, -21.5, 8.5, -16.25)
size = Vector3(7, 17, 17.5)

[node name="FreeConnectors" type="Node3D" parent="." unique_id=584000069]

[node name="ConnectorStraight2" parent="FreeConnectors" unique_id=31341810 instance=ExtResource("7_6he5u")]
transform = Transform3D(1, 0, 0, 0, 1, 0, 0, 0, 1, 16, 0, -9)

[node name="ConnectorStraight3" parent="FreeConnectors" unique_id=2077787924 instance=ExtResource("7_6he5u")]
transform = Transform3D(1.3113416e-07, 0, 1, 0, 1, 0, -1, 0, 1.3113416e-07, 0, 0, -13)

[node name="ConnectorCorner" parent="FreeConnectors" unique_id=67998486 instance=ExtResource("6_cmxtg")]
transform = Transform3D(1, 0, 0, 0, 1, 0, 0, 0, 1, -4, 0, -13)

[node name="ConnectorCorner2" parent="FreeConnectors" unique_id=1576909129 instance=ExtResource("6_cmxtg")]
transform = Transform3D(-4.371139e-08, 0, 1, 0, 1, 0, -1, 0, -4.371139e-08, 10, 0, -6.5)

[node name="ConnectorStraight" parent="FreeConnectors" unique_id=187004618 instance=ExtResource("7_6he5u")]
transform = Transform3D(-4.371139e-08, 0, -1, 0, 1, 0, 1, 0, -4.371139e-08, 13.5, 0, -6.5)

[node name="ConnectorStraight4" parent="FreeConnectors" unique_id=638706761 instance=ExtResource("7_6he5u")]
transform = Transform3D(1, 0, 0, 0, 1, 0, 0, 0, 1, 10, 0, -10.5)

[node name="ConnectorCorner3" parent="FreeConnectors" unique_id=501538030 instance=ExtResource("6_cmxtg")]
transform = Transform3D(-4.371139e-08, 0, -1, 0, 1, 0, 1, 0, -4.371139e-08, 10, 0, -13)

[node name="ConnectorStraight5" parent="FreeConnectors" unique_id=283077391 instance=ExtResource("7_6he5u")]
transform = Transform3D(-4.371139e-08, 0, -1, 0, 1, 0, 1, 0, -4.371139e-08, 4, 0, -13)

[node name="ConnectorStraight6" parent="FreeConnectors" unique_id=1931088241 instance=ExtResource("7_6he5u")]
transform = Transform3D(1, 0, 0, 0, 1, 0, 0, 0, 1, -4, 0, -9)

[node name="ConnectorStraight7" parent="FreeConnectors" unique_id=1281983642 instance=ExtResource("7_6he5u")]
transform = Transform3D(-4.371139e-08, 0, -1, 0, 1, 0, 1, 0, -4.371139e-08, -8, 0, -5)

[node name="ConnectorStraight8" parent="FreeConnectors" unique_id=1703283561 instance=ExtResource("7_6he5u")]
transform = Transform3D(1, 0, 0, 0, 1, 0, 0, 0, 1, -4, 0, -1)

[node name="ConnectorCorner4" parent="FreeConnectors" unique_id=48762758 instance=ExtResource("6_cmxtg")]
transform = Transform3D(-4.371139e-08, 0, 1, 0, 1, 0, -1, 0, -4.371139e-08, -4, 0, 3)

[node name="ConnectorHalf" parent="FreeConnectors" unique_id=498816605 instance=ExtResource("9_8yig3")]
transform = Transform3D(-4.371139e-08, 0, -1, 0, 1, 0, 1, 0, -4.371139e-08, 7, 0, -13)

[node name="ConnectorStraight9" parent="FreeConnectors" unique_id=1085869693 instance=ExtResource("7_6he5u")]
transform = Transform3D(1, 0, 0, 0, 1, 0, 0, 0, 1, -12, 0, -1)

[node name="PowerSource2" parent="." unique_id=2103182906 instance=ExtResource("14_20ibb")]
transform = Transform3D(1, 0, 0, 0, 1, 0, 0, 0, 1, -12, 0, 1.5)

[node name="PowerSource" parent="." unique_id=174511942 instance=ExtResource("14_20ibb")]
transform = Transform3D(1, 0, 0, 0, 1, 0, 0, 0, 1, 16, 0, -6.5)

[node name="PowerLock" parent="." unique_id=1506979964 instance=ExtResource("10_8yig3")]
transform = Transform3D(1, 0, 0, 0, 1, 0, 0, 0, 1, 0, 0, -9.5)

[node name="PowerLock2" parent="." unique_id=1217258266 instance=ExtResource("10_8yig3")]
transform = Transform3D(1, 0, 0, 0, 1, 0, 0, 0, 1, -0.5, 0, 3)

[node name="BackgroundBlocks" type="Node3D" parent="." unique_id=1041218238]

[node name="CSGCombiner3D" type="CSGCombiner3D" parent="BackgroundBlocks" unique_id=767074072]
use_collision = true

[node name="CSGBox3D" type="CSGBox3D" parent="BackgroundBlocks/CSGCombiner3D" unique_id=540199197]
transform = Transform3D(1, 0, 0, 0, 1, 0, 0, 0, 1, 0, 4, 6.5)
size = Vector3(50, 8.245, 1)

[node name="CSGBox3D2" type="CSGBox3D" parent="BackgroundBlocks/CSGCombiner3D" unique_id=123295850]
transform = Transform3D(1, 0, 0, 0, 1, 0, 0, 0, 1, 0, 4, -28)
size = Vector3(50, 8.245, 1)

[node name="CSGBox3D3" type="CSGBox3D" parent="BackgroundBlocks/CSGCombiner3D" unique_id=331909290]
transform = Transform3D(-4.371139e-08, 0, -1, 0, 1, 0, 1, 0, -4.371139e-08, 25.5, 4, -10.75)
size = Vector3(35.5, 8.245, 1)

[node name="CSGBox3D4" type="CSGBox3D" parent="BackgroundBlocks/CSGCombiner3D" unique_id=1781826343]
transform = Transform3D(-4.371139e-08, 0, -1, 0, 1, 0, 1, 0, -4.371139e-08, -24.5, 13.377501, -10.75)
size = Vector3(35.5, 27, 1)

[node name="CSGBox3D5" type="CSGBox3D" parent="BackgroundBlocks/CSGCombiner3D" unique_id=329807086]
transform = Transform3D(1, 0, 0, 0, 1, 0, 0, 0, 1, -27, 20.25, -18.5)
operation = 2
size = Vector3(13, 5.5, 4)

[node name="CSGCombiner3D2" type="CSGCombiner3D" parent="BackgroundBlocks" unique_id=40854627]
transform = Transform3D(1, 0, 0, 0, 1, 0, 0, 0, 1, 0, 0, 20)
cast_shadow = 0

[node name="CSGBox3D" type="CSGBox3D" parent="BackgroundBlocks/CSGCombiner3D2" unique_id=1769849868]
transform = Transform3D(1, 0, 0, 0, 1, 0, 0, 0, 1, 12, 11.25, 11.5)
size = Vector3(25, 23.5, 24)

[node name="CSGBox3D4" type="CSGBox3D" parent="BackgroundBlocks/CSGCombiner3D2" unique_id=483630085]
transform = Transform3D(0.70710677, 0, 0.70710677, 0, 1, 0, -0.70710677, 0, 0.70710677, 42, 14.5, -0.5)
size = Vector3(25, 30, 24)

[node name="CSGBox3D5" type="CSGBox3D" parent="BackgroundBlocks/CSGCombiner3D2" unique_id=986022567]
transform = Transform3D(0.99999994, 0, 0, 0, 1, 0, 0, 0, 0.99999994, 33, 23.75, -70)
size = Vector3(25, 48.5, 24)

[node name="CSGBox3D6" type="CSGBox3D" parent="BackgroundBlocks/CSGCombiner3D2" unique_id=1847071340]
transform = Transform3D(0.9659257, 0, -0.25881898, 0, 1, 0, 0.25881898, 0, 0.9659257, -40, 23.75, -51)
size = Vector3(25, 48.5, 24)

[node name="CSGBox3D7" type="CSGBox3D" parent="BackgroundBlocks/CSGCombiner3D2" unique_id=1085704867]
transform = Transform3D(0.70710665, 0, 0.70710665, 0, 1, 0, -0.70710665, 0, 0.70710665, -41.5, 27.75, -17)
size = Vector3(25, 56.5, 24)

[node name="CSGBox3D3" type="CSGBox3D" parent="BackgroundBlocks/CSGCombiner3D2" unique_id=1986160887]
transform = Transform3D(1, 0, 0, 0, 1, 0, 0, 0, 1, 8.75, 19.25, 40)
size = Vector3(43.5, 39.5, 24)

[node name="CSGBox3D2" type="CSGBox3D" parent="BackgroundBlocks/CSGCombiner3D2" unique_id=1579445268]
transform = Transform3D(0.9659258, 0, 0.25881904, 0, 1, 0, -0.25881904, 0, 0.9659258, -16, 18, 11.5)
size = Vector3(25, 37, 24)

[node name="CSGCombiner3D3" type="CSGCombiner3D" parent="BackgroundBlocks" unique_id=851544620]
transform = Transform3D(-0.8660254, 0, -0.50000006, 0, 1, 0, 0.50000006, 0, -0.8660254, 2.5, 0, -44)
cast_shadow = 0

[node name="CSGBox3D" type="CSGBox3D" parent="BackgroundBlocks/CSGCombiner3D3" unique_id=1932380105]
transform = Transform3D(1, 0, 0, 0, 1, 0, 0, 0, 1, 12, 11.25, 11.5)
size = Vector3(25, 23.5, 24)

[node name="CSGBox3D3" type="CSGBox3D" parent="BackgroundBlocks/CSGCombiner3D3" unique_id=1207194780]
transform = Transform3D(1, 0, 0, 0, 1, 0, 0, 0, 1, 8.75, 19.25, 40)
size = Vector3(43.5, 39.5, 24)

[node name="CSGBox3D2" type="CSGBox3D" parent="BackgroundBlocks/CSGCombiner3D3" unique_id=1569271357]
transform = Transform3D(0.9659258, 0, 0.25881904, 0, 1, 0, -0.25881904, 0, 0.9659258, -16, 18, 11.5)
size = Vector3(25, 37, 24)

[node name="CSGCombiner3D4" type="CSGCombiner3D" parent="BackgroundBlocks" unique_id=1125343204]
transform = Transform3D(-0.59000003, 0, 1.02191, 0, 1.18, 0, -1.02191, 0, -0.59000003, 44, 0.245, -6)
cast_shadow = 0

[node name="CSGBox3D" type="CSGBox3D" parent="BackgroundBlocks/CSGCombiner3D4" unique_id=1330629098]
transform = Transform3D(1, 0, 0, 0, 1, 0, 0, 0, 1, 12, 11.25, 11.5)
size = Vector3(25, 23.5, 24)

[node name="CSGBox3D3" type="CSGBox3D" parent="BackgroundBlocks/CSGCombiner3D4" unique_id=327725047]
transform = Transform3D(1, 0, 0, 0, 1, 0, 0, 0, 1, 8.75, 19.25, 40)
size = Vector3(43.5, 39.5, 24)

[node name="CSGBox3D2" type="CSGBox3D" parent="BackgroundBlocks/CSGCombiner3D4" unique_id=517628150]
transform = Transform3D(0.9659258, 0, 0.25881904, 0, 1, 0, -0.25881904, 0, 0.9659258, -16, 18, 11.5)
size = Vector3(25, 37, 24)

[node name="WearGenerator" type="CSGCombiner3D" parent="." unique_id=2110263521]
use_collision = true
script = ExtResource("4_8yig3")
chunks_per_unit = 1.0
chunk_size_min = Vector3(0.3, 0.4, 0.5)
metadata/_custom_type_script = "uid://cup175gyx0lky"

[node name="AudioStreamPlayer" type="AudioStreamPlayer" parent="." unique_id=214143337]
stream = ExtResource("15_bc0aw")
autoplay = true

[node name="Column" parent="." unique_id=1838435091 instance=ExtResource("4_qguuj")]
transform = Transform3D(1, 0, 0, 0, 1, 0, 0, 0, 1, -4.25, 7, -17)
size = Vector3(4.5, 14, 5)

[node name="DropDelay2" type="Timer" parent="Column" unique_id=1000414553]
wait_time = 0.5
one_shot = true

[node name="BottomTime2" type="Timer" parent="Column" unique_id=1578340840]
wait_time = 3.0
one_shot = true

[node name="AudioStreamPlayer3D2" type="AudioStreamPlayer3D" parent="Column" unique_id=1102018613]
transform = Transform3D(1, 0, 0, 0, 1, 0, 0, 0, 1, 0, 2, 0)
stream = SubResource("AudioStreamPlaylist_0pk2v")

[node name="SuperJumpSounds2" type="AudioStreamPlayer" parent="Column" unique_id=1063107649]
stream = ExtResource("15_y4g23")

[node name="DropDelay3" type="Timer" parent="Column" unique_id=1915016394]
wait_time = 0.5
one_shot = true

[node name="BottomTime3" type="Timer" parent="Column" unique_id=1618649436]
wait_time = 3.0
one_shot = true

[node name="AudioStreamPlayer3D3" type="AudioStreamPlayer3D" parent="Column" unique_id=507024720]
transform = Transform3D(1, 0, 0, 0, 1, 0, 0, 0, 1, 0, 2, 0)
stream = SubResource("AudioStreamPlaylist_4sbii")

[node name="DropDelay4" type="Timer" parent="Column" unique_id=119147591]
wait_time = 0.5
one_shot = true

[node name="BottomTime4" type="Timer" parent="Column" unique_id=111785872]
wait_time = 3.0
one_shot = true

[node name="AudioStreamPlayer3D4" type="AudioStreamPlayer3D" parent="Column" unique_id=874924527]
transform = Transform3D(1, 0, 0, 0, 1, 0, 0, 0, 1, 0, 2, 0)
stream = SubResource("AudioStreamPlaylist_4sbii")

[node name="WearChunk_0_0" type="CSGBox3D" parent="Column" unique_id=1202000884]
transform = Transform3D(-0.04433022, 0.9924792, 0.11410475, 0.9513224, 0.07680723, -0.2984735, -0.3049928, 0.095319, -0.9475725, -2.25, -4.4458485, -2.5)
operation = 2
size = Vector3(0.5587845, 0.76725394, 0.5792087)
metadata/wear_chunk = true

[node name="WearChunk_0_1" type="CSGBox3D" parent="Column" unique_id=1977578503]
transform = Transform3D(0.16960268, -0.08197771, 0.982097, 0.3359035, -0.93205404, -0.13580915, 0.92650086, 0.35292345, -0.13054225, 2.25, 2.3145065, 2.5)
operation = 2
size = Vector3(0.5768585, 0.78828764, 0.56731796)
metadata/wear_chunk = true

[node name="WearChunk_0_2" type="CSGBox3D" parent="Column" unique_id=155993797]
transform = Transform3D(0.7661849, 0.60057914, -0.22861601, -0.43992615, 0.23087859, -0.8678479, -0.46842882, 0.7655062, 0.44110617, -2.25, 5.97196, 2.5)
operation = 2
size = Vector3(0.5416247, 0.7290827, 0.5570662)
metadata/wear_chunk = true

[node name="WearChunk_0_3" type="CSGBox3D" parent="Column" unique_id=1031122526]
transform = Transform3D(-0.14800707, 0.825859, -0.5441055, -0.10336494, -0.56006926, -0.8219721, -0.9835698, -0.06541625, 0.16825908, 2.25, 5.0738945, -2.5)
operation = 2
size = Vector3(0.3597798, 0.48290706, 0.5061562)
metadata/wear_chunk = true

[node name="WearChunk_0_4" type="CSGBox3D" parent="Column" unique_id=1985588654]
transform = Transform3D(-0.8252366, -0.12896946, -0.54986495, 0.21954644, 0.82375866, -0.5227055, 0.5203691, -0.5520766, -0.651481, -2.25, 6.681566, -2.5)
operation = 2
size = Vector3(0.4451953, 0.45539713, 0.50985634)
metadata/wear_chunk = true

[node name="WearChunk_0_5" type="CSGBox3D" parent="Column" unique_id=1737856864]
transform = Transform3D(-0.8920649, -0.29967564, -0.3382524, -0.16509168, 0.912874, -0.3733709, 0.42067197, -0.27722844, -0.86381686, 2.25, -3.9500828, 2.5)
operation = 2
size = Vector3(0.48554385, 0.7241338, 0.5711161)
metadata/wear_chunk = true

[node name="WearChunk_0_6" type="CSGBox3D" parent="Column" unique_id=421933603]
transform = Transform3D(0.6937926, 0.29442063, -0.657243, 0.7065757, -0.10176426, 0.700282, 0.13929366, -0.95024234, -0.27863374, -2.25, 5.7087383, -2.5)
operation = 2
size = Vector3(0.5612974, 0.6640691, 0.5821525)
metadata/wear_chunk = true

[node name="WearChunk_0_7" type="CSGBox3D" parent="Column" unique_id=1194845674]
transform = Transform3D(-0.9129147, -0.36628267, 0.180066, -0.30761594, 0.9074262, 0.28626937, -0.2682521, 0.20594832, -0.9410771, -2.25, -0.9942131, -2.5)
operation = 2
size = Vector3(0.37354994, 0.7910571, 0.5466323)
metadata/wear_chunk = true

[node name="WearChunk_0_8" type="CSGBox3D" parent="Column" unique_id=783960185]
transform = Transform3D(-0.16851705, 0.96467465, -0.2024964, 0.4738534, -0.1008561, -0.87480915, -0.8643292, -0.24337386, -0.4401184, -2.25, 4.772723, 2.5)
operation = 2
size = Vector3(0.32033095, 0.752746, 0.5247416)
metadata/wear_chunk = true

[node name="WearChunk_0_9" type="CSGBox3D" parent="Column" unique_id=1516841233]
transform = Transform3D(0.8311843, 0.24725853, -0.49799186, -0.46641022, 0.79761976, -0.38244516, 0.30264527, 0.5501509, 0.7782929, -2.25, 1.0451603, -2.5)
operation = 2
size = Vector3(0.483429, 0.7421889, 0.5427147)
metadata/wear_chunk = true

[node name="WearChunk_0_10" type="CSGBox3D" parent="Column" unique_id=307075397]
transform = Transform3D(-0.611532, -0.7319067, 0.30056813, 0.498223, -0.06110058, 0.8648934, -0.6146564, 0.6786599, 0.4020177, -2.25, -3.3808627, 2.5)
operation = 2
size = Vector3(0.40835837, 0.6740855, 0.50176775)
metadata/wear_chunk = true

[node name="WearChunk_0_11" type="CSGBox3D" parent="Column" unique_id=1623468692]
transform = Transform3D(0.9897135, 0.03892389, 0.13766643, 0.141504, -0.12465302, -0.98205817, -0.021064967, 0.9914366, -0.12887867, 2.25, -3.20583, 2.5)
operation = 2
size = Vector3(0.35696068, 0.51591045, 0.5504128)
metadata/wear_chunk = true

[node name="WearChunk_0_12" type="CSGBox3D" parent="Column" unique_id=2145670548]
transform = Transform3D(0.354483, -0.8969785, -0.2641426, 0.6725748, 0.44083717, -0.5943952, 0.6496036, 0.033047378, 0.75955445, -2.25, 2.0606794, -2.5)
operation = 2
size = Vector3(0.589044, 0.43951324, 0.5659843)
metadata/wear_chunk = true

[node name="WearChunk_0_13" type="CSGBox3D" parent="Column" unique_id=1776311524]
transform = Transform3D(0.57131785, 0.5020152, -0.64928937, -0.58386785, -0.30737805, -0.75141007, -0.57679653, 0.8083931, 0.11749992, 2.25, 6.3642187, 2.5)
operation = 2
size = Vector3(0.490389, 0.6441171, 0.5587593)
metadata/wear_chunk = true

[node name="Column8" parent="." unique_id=2003591922 instance=ExtResource("4_qguuj")]
transform = Transform3D(1, 0, 0, 0, 1, 0, 0, 0, 1, -4, 7, -5)
size = Vector3(4, 14, 4)

[node name="DropDelay2" type="Timer" parent="Column8" unique_id=1825224920]
wait_time = 0.5
one_shot = true

[node name="BottomTime2" type="Timer" parent="Column8" unique_id=60927913]
wait_time = 3.0
one_shot = true

[node name="AudioStreamPlayer3D2" type="AudioStreamPlayer3D" parent="Column8" unique_id=1273200527]
transform = Transform3D(1, 0, 0, 0, 1, 0, 0, 0, 1, 0, 2, 0)
stream = SubResource("AudioStreamPlaylist_0pk2v")

[node name="SuperJumpSounds2" type="AudioStreamPlayer" parent="Column8" unique_id=1990086017]
stream = ExtResource("15_y4g23")

[node name="DropDelay3" type="Timer" parent="Column8" unique_id=487343542]
wait_time = 0.5
one_shot = true

[node name="BottomTime3" type="Timer" parent="Column8" unique_id=1777288588]
wait_time = 3.0
one_shot = true

[node name="AudioStreamPlayer3D3" type="AudioStreamPlayer3D" parent="Column8" unique_id=552724109]
transform = Transform3D(1, 0, 0, 0, 1, 0, 0, 0, 1, 0, 2, 0)
stream = SubResource("AudioStreamPlaylist_4sbii")

[node name="DropDelay4" type="Timer" parent="Column8" unique_id=1100927493]
wait_time = 0.5
one_shot = true

[node name="BottomTime4" type="Timer" parent="Column8" unique_id=1572350309]
wait_time = 3.0
one_shot = true

[node name="AudioStreamPlayer3D4" type="AudioStreamPlayer3D" parent="Column8" unique_id=378211553]
transform = Transform3D(1, 0, 0, 0, 1, 0, 0, 0, 1, 0, 2, 0)
stream = SubResource("AudioStreamPlaylist_4sbii")

[node name="ConnectorT" parent="Column8" unique_id=133770736 instance=ExtResource("8_8yig3")]
transform = Transform3D(0.004232504, -0.0026263772, -0.9999876, 0.0020725804, 0.9999944, -0.0026176223, 0.9999889, -0.0020614748, 0.0042379242, 0, 7, 0)

[node name="WearChunk_1_0" type="CSGBox3D" parent="Column8" unique_id=454039028]
transform = Transform3D(-0.38707033, -0.92074174, -0.0491056, 0.04121624, 0.035926, -0.99850416, 0.9211285, -0.38851523, 0.02404362, -2, 3.3586597, 2)
operation = 2
size = Vector3(0.51593685, 0.5713193, 0.51712996)
metadata/wear_chunk = true

[node name="WearChunk_1_1" type="CSGBox3D" parent="Column8" unique_id=399645560]
transform = Transform3D(0.9315058, -0.3530529, 0.08746734, -0.23072052, -0.3876339, 0.892473, -0.28118485, -0.8515243, -0.44253978, 2, 5.4066734, -2)
operation = 2
size = Vector3(0.44895077, 0.6475451, 0.5301908)
metadata/wear_chunk = true

[node name="WearChunk_1_2" type="CSGBox3D" parent="Column8" unique_id=1774691721]
transform = Transform3D(0.37074685, -0.43871725, -0.81858045, -0.37037763, -0.8781155, 0.30287564, -0.85168487, 0.19089368, -0.4880496, -2, 5.3383093, 2)
operation = 2
size = Vector3(0.5217807, 0.7089303, 0.5315635)
metadata/wear_chunk = true

[node name="WearChunk_1_3" type="CSGBox3D" parent="Column8" unique_id=1170397820]
transform = Transform3D(0.08443875, 0.28210458, -0.9556605, -0.52707046, -0.80128, -0.28310257, -0.8456162, 0.52760524, 0.081029914, -2, -0.03379965, 2)
operation = 2
size = Vector3(0.53091156, 0.7866099, 0.56621003)
metadata/wear_chunk = true

[node name="WearChunk_1_4" type="CSGBox3D" parent="Column8" unique_id=550910538]
transform = Transform3D(-0.48195285, 0.1747147, 0.8586013, 0.5102544, -0.7406468, 0.4371301, 0.7122934, 0.6487812, 0.2678079, 2, 4.1684685, -2)
operation = 2
size = Vector3(0.42013276, 0.5665843, 0.5270188)
metadata/wear_chunk = true

[node name="WearChunk_1_5" type="CSGBox3D" parent="Column8" unique_id=465407171]
transform = Transform3D(0.4810813, 0.5977448, 0.64129704, -0.5069312, -0.40714043, 0.7597746, 0.7152493, -0.69060683, 0.10714783, 2, -3.4604414, 2)
operation = 2
size = Vector3(0.52232957, 0.71071076, 0.5926356)
metadata/wear_chunk = true

[node name="WearChunk_1_6" type="CSGBox3D" parent="Column8" unique_id=1184967254]
transform = Transform3D(0.6872121, 0.25762787, 0.67924035, 0.14701067, 0.86634016, -0.47732863, -0.7114264, 0.4278816, 0.5574854, 2, 2.9810762, -2)
operation = 2
size = Vector3(0.42214435, 0.4762709, 0.57338375)
metadata/wear_chunk = true

[node name="WearChunk_1_7" type="CSGBox3D" parent="Column8" unique_id=24156958]
transform = Transform3D(-0.86426294, 0.27187842, -0.42323953, -0.44858882, -0.7972785, 0.40387496, -0.2276349, 0.5389147, 0.8110199, -2, -0.69038296, -2)
operation = 2
size = Vector3(0.554626, 0.45353076, 0.56340224)
metadata/wear_chunk = true

[node name="WearChunk_1_8" type="CSGBox3D" parent="Column8" unique_id=491801695]
transform = Transform3D(-0.5230141, 0.07382926, -0.8491204, -0.8478496, 0.056879975, 0.52717704, 0.08721904, 0.99564743, 0.032847088, 2, -5.6117964, -2)
operation = 2
size = Vector3(0.33922493, 0.418395, 0.53081864)
metadata/wear_chunk = true

[node name="WearChunk_1_9" type="CSGBox3D" parent="Column8" unique_id=204994340]
transform = Transform3D(0.65033466, 0.25978667, -0.71384573, -0.6174227, -0.36668807, -0.6959376, -0.44255397, 0.89333683, -0.07807176, -2, -3.2041838, 2)
operation = 2
size = Vector3(0.4315865, 0.60769373, 0.5482492)
metadata/wear_chunk = true

[node name="WearChunk_1_10" type="CSGBox3D" parent="Column8" unique_id=170578993]
transform = Transform3D(-0.17412473, -0.52982855, -0.83003753, -0.89664114, -0.2631507, 0.35607082, -0.40708143, 0.8062465, -0.42924502, 2, 1.275959, -2)
operation = 2
size = Vector3(0.51723194, 0.4337212, 0.5756548)
metadata/wear_chunk = true

[node name="WearChunk_1_11" type="CSGBox3D" parent="Column8" unique_id=543422836]
transform = Transform3D(-0.6624161, -0.7345068, 0.1473247, 0.19285658, 0.022829631, 0.9809613, -0.72388613, 0.6782172, 0.12653176, -2, -3.3721855, -2)
operation = 2
size = Vector3(0.5965683, 0.5071964, 0.5566309)
metadata/wear_chunk = true

[node name="WearChunk_1_12" type="CSGBox3D" parent="Column8" unique_id=1198023308]
transform = Transform3D(-0.91092896, 0.12706074, -0.3925099, 0.4118776, 0.22525029, -0.88296044, -0.02377665, -0.9659803, -0.2575205, 2, 3.3432941, 2)
operation = 2
size = Vector3(0.4214884, 0.6363168, 0.5659151)
metadata/wear_chunk = true

[node name="WearChunk_1_13" type="CSGBox3D" parent="Column8" unique_id=852386995]
transform = Transform3D(-0.9996459, -0.0072459877, -0.025606787, 0.026123798, -0.08367925, -0.99615026, 0.0050753355, -0.9964664, 0.08383891, -2, 6.6427717, -2)
operation = 2
size = Vector3(0.38279134, 0.42379472, 0.56534916)
metadata/wear_chunk = true

[node name="Column10" parent="." unique_id=1295036773 instance=ExtResource("4_qguuj")]
transform = Transform3D(1, 0, 0, 0, 1, 0, 0, 0, 1, -12, 7, -5)
size = Vector3(4, 14, 4)

[node name="DropDelay2" type="Timer" parent="Column10" unique_id=273171190]
wait_time = 0.5
one_shot = true

[node name="BottomTime2" type="Timer" parent="Column10" unique_id=1310918113]
wait_time = 3.0
one_shot = true

[node name="AudioStreamPlayer3D2" type="AudioStreamPlayer3D" parent="Column10" unique_id=1657655940]
transform = Transform3D(1, 0, 0, 0, 1, 0, 0, 0, 1, 0, 2, 0)
stream = SubResource("AudioStreamPlaylist_0pk2v")

[node name="SuperJumpSounds2" type="AudioStreamPlayer" parent="Column10" unique_id=913550107]
stream = ExtResource("15_y4g23")

[node name="DropDelay3" type="Timer" parent="Column10" unique_id=1462586974]
wait_time = 0.5
one_shot = true

[node name="BottomTime3" type="Timer" parent="Column10" unique_id=782585843]
wait_time = 3.0
one_shot = true

[node name="AudioStreamPlayer3D3" type="AudioStreamPlayer3D" parent="Column10" unique_id=999007085]
transform = Transform3D(1, 0, 0, 0, 1, 0, 0, 0, 1, 0, 2, 0)
stream = SubResource("AudioStreamPlaylist_4sbii")

[node name="DropDelay4" type="Timer" parent="Column10" unique_id=63244882]
wait_time = 0.5
one_shot = true

[node name="BottomTime4" type="Timer" parent="Column10" unique_id=924413682]
wait_time = 3.0
one_shot = true

[node name="AudioStreamPlayer3D4" type="AudioStreamPlayer3D" parent="Column10" unique_id=2069710177]
transform = Transform3D(1, 0, 0, 0, 1, 0, 0, 0, 1, 0, 2, 0)
stream = SubResource("AudioStreamPlaylist_4sbii")

[node name="ConnectorCorner" parent="Column10" unique_id=813231259 instance=ExtResource("6_cmxtg")]
transform = Transform3D(1, 0, 0, 0, 1, 0, 0, 0, 1, 0, 7, 0)

[node name="WearChunk_2_0" type="CSGBox3D" parent="Column10" unique_id=2081155925]
transform = Transform3D(-0.975824, 0.14622226, 0.16243932, -0.19477795, -0.24468204, -0.949838, -0.09914151, -0.9585143, 0.2672475, 2, 0.31208658, -2)
operation = 2
size = Vector3(0.5113733, 0.52198356, 0.54075265)
metadata/wear_chunk = true

[node name="WearChunk_2_1" type="CSGBox3D" parent="Column10" unique_id=40033700]
transform = Transform3D(0.69619656, 0.5830899, 0.41870818, 0.2522209, 0.34739962, -0.9031601, -0.67208254, 0.7343839, 0.094790965, -2, -0.16829729, 2)
operation = 2
size = Vector3(0.4841457, 0.47159913, 0.52714115)
metadata/wear_chunk = true

[node name="WearChunk_2_2" type="CSGBox3D" parent="Column10" unique_id=1593554315]
transform = Transform3D(-0.76849854, 0.5416069, -0.3406935, -0.54387057, -0.833416, -0.09809444, -0.33706805, 0.109907754, 0.935043, -2, -6.6181498, -2)
operation = 2
size = Vector3(0.32520485, 0.45598575, 0.5825045)
metadata/wear_chunk = true

[node name="WearChunk_2_3" type="CSGBox3D" parent="Column10" unique_id=513457670]
transform = Transform3D(0.3921868, 0.4473708, -0.8037717, 0.8941409, -0.39066795, 0.21883929, -0.21610549, -0.804511, -0.55322737, -2, -4.7681913, -2)
operation = 2
size = Vector3(0.5991851, 0.4766115, 0.5620432)
metadata/wear_chunk = true

[node name="WearChunk_2_4" type="CSGBox3D" parent="Column10" unique_id=2080088204]
transform = Transform3D(0.7143116, 0.6751082, -0.18435806, -0.08003608, -0.18289809, -0.97986865, -0.695236, 0.71468675, -0.07661321, -2, 5.4456997, 2)
operation = 2
size = Vector3(0.32868075, 0.6749046, 0.54375935)
metadata/wear_chunk = true

[node name="WearChunk_2_5" type="CSGBox3D" parent="Column10" unique_id=787158204]
transform = Transform3D(-0.21953495, 0.7690717, -0.60027754, 0.913839, -0.05334559, -0.40255743, -0.3416177, -0.63693243, -0.6910965, -2, -3.7349312, -2)
operation = 2
size = Vector3(0.47561818, 0.64303684, 0.5380021)
metadata/wear_chunk = true

[node name="WearChunk_2_6" type="CSGBox3D" parent="Column10" unique_id=113000173]
transform = Transform3D(-0.0070312694, -0.04766939, 0.9988384, -0.998164, 0.060426835, -0.004142662, -0.060159165, -0.9970337, -0.048006747, -2, -5.843757, -2)
operation = 2
size = Vector3(0.4236742, 0.6001227, 0.54630953)
metadata/wear_chunk = true

[node name="WearChunk_2_7" type="CSGBox3D" parent="Column10" unique_id=107054332]
transform = Transform3D(-0.77621824, -0.6274067, 0.062016834, -0.04835058, -0.03883741, -0.99807507, 0.6286076, -0.7777226, -0.00018917296, 2, 2.9269629, -2)
operation = 2
size = Vector3(0.53987634, 0.553178, 0.5910106)
metadata/wear_chunk = true

[node name="WearChunk_2_8" type="CSGBox3D" parent="Column10" unique_id=1547689251]
transform = Transform3D(0.9522973, 0.30509275, 0.0069509298, 0.0013472631, 0.01857379, -0.9998266, -0.30516893, 0.95214146, 0.017276732, -2, -5.8928137, 2)
operation = 2
size = Vector3(0.4285366, 0.48077342, 0.55600965)
metadata/wear_chunk = true

[node name="WearChunk_2_9" type="CSGBox3D" parent="Column10" unique_id=998473766]
transform = Transform3D(-0.05238127, 0.8934004, 0.44619727, -0.9805813, -0.13057297, 0.14632507, 0.18898818, -0.429868, 0.88289124, 2, 0.04983902, 2)
operation = 2
size = Vector3(0.40928856, 0.66923887, 0.53457856)
metadata/wear_chunk = true

[node name="WearChunk_2_10" type="CSGBox3D" parent="Column10" unique_id=559682251]
transform = Transform3D(-0.44552237, -0.54224813, -0.71237403, 0.1854849, -0.83434993, 0.51909107, -0.8758453, 0.099132076, 0.47230044, -2, 5.752678, -2)
operation = 2
size = Vector3(0.52933806, 0.63427156, 0.53174996)
metadata/wear_chunk = true

[node name="WearChunk_2_11" type="CSGBox3D" parent="Column10" unique_id=851441891]
transform = Transform3D(0.4259541, -0.67613274, -0.60117185, 0.46504635, -0.4063479, 0.7865197, -0.7760767, -0.6145941, 0.14134748, -2, 2.9680252, -2)
operation = 2
size = Vector3(0.48768914, 0.4998594, 0.54151314)
metadata/wear_chunk = true

[node name="WearChunk_2_12" type="CSGBox3D" parent="Column10" unique_id=52503710]
transform = Transform3D(0.58325005, -0.7225014, 0.3712293, -0.010789252, 0.45008326, 0.89292145, -0.81222105, -0.5248018, 0.25471583, -2, -3.2358656, 2)
operation = 2
size = Vector3(0.3149821, 0.62155575, 0.5115228)
metadata/wear_chunk = true

[node name="WearChunk_2_13" type="CSGBox3D" parent="Column10" unique_id=378398841]
transform = Transform3D(-0.6973437, -0.71260995, -0.07680413, -0.074872255, -0.034144834, 0.9966084, -0.7128155, 0.7007291, -0.029544028, 2, 6.1856194, 2)
operation = 2
size = Vector3(0.55077976, 0.69531643, 0.51576203)
metadata/wear_chunk = true

[node name="Column2" parent="." unique_id=1278527240 instance=ExtResource("4_qguuj")]
transform = Transform3D(1, 0, 0, 0, 1, 0, 0, 0, 1, 0, 4.5, -17.25)
size = Vector3(4, 9, 4.5)

[node name="DropDelay2" type="Timer" parent="Column2" unique_id=35462302]
wait_time = 0.5
one_shot = true

[node name="BottomTime2" type="Timer" parent="Column2" unique_id=1698751356]
wait_time = 3.0
one_shot = true

[node name="AudioStreamPlayer3D2" type="AudioStreamPlayer3D" parent="Column2" unique_id=1471034474]
transform = Transform3D(1, 0, 0, 0, 1, 0, 0, 0, 1, 0, 2, 0)
stream = SubResource("AudioStreamPlaylist_0pk2v")

[node name="SuperJumpSounds2" type="AudioStreamPlayer" parent="Column2" unique_id=1010040854]
stream = ExtResource("15_y4g23")

[node name="DropDelay3" type="Timer" parent="Column2" unique_id=1700595869]
wait_time = 0.5
one_shot = true

[node name="BottomTime3" type="Timer" parent="Column2" unique_id=583288987]
wait_time = 3.0
one_shot = true

[node name="AudioStreamPlayer3D3" type="AudioStreamPlayer3D" parent="Column2" unique_id=761685965]
transform = Transform3D(1, 0, 0, 0, 1, 0, 0, 0, 1, 0, 2, 0)
stream = SubResource("AudioStreamPlaylist_4sbii")

[node name="DropDelay4" type="Timer" parent="Column2" unique_id=1204252510]
wait_time = 0.5
one_shot = true

[node name="BottomTime4" type="Timer" parent="Column2" unique_id=153226009]
wait_time = 3.0
one_shot = true

[node name="AudioStreamPlayer3D4" type="AudioStreamPlayer3D" parent="Column2" unique_id=1272998383]
transform = Transform3D(1, 0, 0, 0, 1, 0, 0, 0, 1, 0, 2, 0)
stream = SubResource("AudioStreamPlaylist_4sbii")

[node name="ConnectorCorner" parent="Column2" unique_id=1619947747 instance=ExtResource("6_cmxtg")]
transform = Transform3D(1, 0, 0, 0, 1, 0, 0, 0, 1, 0, 4.5, 0.25)

[node name="WearChunk_3_0" type="CSGBox3D" parent="Column2" unique_id=512996314]
transform = Transform3D(-0.35978127, -0.03927456, 0.93220973, -0.7968682, 0.5326496, -0.2851061, -0.48534372, -0.8454241, -0.22293398, 2, -1.7008789, 2.25)
operation = 2
size = Vector3(0.40557727, 0.609303, 0.5737334)
metadata/wear_chunk = true

[node name="WearChunk_3_1" type="CSGBox3D" parent="Column2" unique_id=349740307]
transform = Transform3D(0.8531795, -0.4653554, 0.2356459, 0.05250419, -0.3728505, -0.9264048, 0.5189681, 0.80276203, -0.29367533, -2, 2.8345842, 2.25)
operation = 2
size = Vector3(0.5284221, 0.7023686, 0.5831718)
metadata/wear_chunk = true

[node name="WearChunk_3_2" type="CSGBox3D" parent="Column2" unique_id=1568020482]
transform = Transform3D(0.7175051, 0.6885669, -0.1051762, 0.2521954, -0.11605193, 0.96069217, 0.649295, -0.7158265, -0.25692123, 2, -3.2599127, 2.25)
operation = 2
size = Vector3(0.57423145, 0.77827394, 0.58474654)
metadata/wear_chunk = true

[node name="WearChunk_3_3" type="CSGBox3D" parent="Column2" unique_id=1939805032]
transform = Transform3D(-0.4004118, 0.63608456, 0.65959597, -0.2524174, 0.6154053, -0.7467006, -0.8808836, -0.46548122, -0.08585676, 2, -1.9486058, -2.25)
operation = 2
size = Vector3(0.39434966, 0.67652404, 0.59416354)
metadata/wear_chunk = true

[node name="WearChunk_3_4" type="CSGBox3D" parent="Column2" unique_id=666947795]
transform = Transform3D(0.27182513, 0.8704624, -0.4103733, -0.75172263, 0.45830542, 0.47420374, 0.60085285, 0.17958643, 0.77892524, -2, 0.38331842, 2.25)
operation = 2
size = Vector3(0.35694546, 0.52301925, 0.58984226)
metadata/wear_chunk = true

[node name="WearChunk_3_5" type="CSGBox3D" parent="Column2" unique_id=34585776]
transform = Transform3D(0.8197384, -0.18614982, 0.5416431, -0.18412513, 0.8098535, 0.55698764, -0.54233474, -0.55631423, 0.62959313, -2, -3.1971378, 2.25)
operation = 2
size = Vector3(0.3100557, 0.50539994, 0.5245194)
metadata/wear_chunk = true

[node name="WearChunk_3_6" type="CSGBox3D" parent="Column2" unique_id=36665493]
transform = Transform3D(-0.6845263, -0.70706856, 0.17741968, -0.078796424, -0.17018631, -0.9822565, 0.724717, -0.6863605, 0.06078254, 2, -2.484764, 2.25)
operation = 2
size = Vector3(0.5370201, 0.7010705, 0.50763685)
metadata/wear_chunk = true

[node name="WearChunk_3_7" type="CSGBox3D" parent="Column2" unique_id=1939770086]
transform = Transform3D(-0.6757945, 0.7338433, 0.06910652, 0.4184277, 0.30475718, 0.8555941, 0.60681134, 0.6071219, -0.5130136, 2, -3.0214884, -2.25)
operation = 2
size = Vector3(0.5705941, 0.5460617, 0.5807096)
metadata/wear_chunk = true

[node name="WearChunk_3_8" type="CSGBox3D" parent="Column2" unique_id=24798758]
transform = Transform3D(-0.7821052, -0.3373264, 0.52394885, -0.5161637, -0.120381735, -0.8479878, 0.34912255, -0.933659, -0.07996447, 2, 0.7940469, -2.25)
operation = 2
size = Vector3(0.5629039, 0.75091755, 0.5940798)
metadata/wear_chunk = true

[node name="Column3" parent="." unique_id=1202345540 instance=ExtResource("4_qguuj")]
transform = Transform3D(1, 0, 0, 0, 1, 0, 0, 0, 1, 4, 3, -17)
size = Vector3(4, 6, 5)

[node name="DropDelay2" type="Timer" parent="Column3" unique_id=968896237]
wait_time = 0.5
one_shot = true

[node name="BottomTime2" type="Timer" parent="Column3" unique_id=1676403209]
wait_time = 3.0
one_shot = true

[node name="AudioStreamPlayer3D2" type="AudioStreamPlayer3D" parent="Column3" unique_id=1255476071]
transform = Transform3D(1, 0, 0, 0, 1, 0, 0, 0, 1, 0, 2, 0)
stream = SubResource("AudioStreamPlaylist_0pk2v")

[node name="SuperJumpSounds2" type="AudioStreamPlayer" parent="Column3" unique_id=1167466806]
stream = ExtResource("15_y4g23")

[node name="DropDelay3" type="Timer" parent="Column3" unique_id=1166600562]
wait_time = 0.5
one_shot = true

[node name="BottomTime3" type="Timer" parent="Column3" unique_id=1841617104]
wait_time = 3.0
one_shot = true

[node name="AudioStreamPlayer3D3" type="AudioStreamPlayer3D" parent="Column3" unique_id=1548744964]
transform = Transform3D(1, 0, 0, 0, 1, 0, 0, 0, 1, 0, 2, 0)
stream = SubResource("AudioStreamPlaylist_4sbii")

[node name="DropDelay4" type="Timer" parent="Column3" unique_id=700354833]
wait_time = 0.5
one_shot = true

[node name="BottomTime4" type="Timer" parent="Column3" unique_id=998566086]
wait_time = 3.0
one_shot = true

[node name="AudioStreamPlayer3D4" type="AudioStreamPlayer3D" parent="Column3" unique_id=1676575381]
transform = Transform3D(1, 0, 0, 0, 1, 0, 0, 0, 1, 0, 2, 0)
stream = SubResource("AudioStreamPlaylist_4sbii")

[node name="ConnectorStraight" parent="Column3" unique_id=627542821 instance=ExtResource("7_6he5u")]
transform = Transform3D(-4.371139e-08, 0, -1, 0, 1, 0, 1, 0, -4.371139e-08, 0, 3, 0)

[node name="WearChunk_4_0" type="CSGBox3D" parent="Column3" unique_id=610677904]
transform = Transform3D(-0.5760632, 0.5915842, -0.5640739, 0.46032473, -0.3354599, -0.82192934, -0.6754646, -0.7331404, -0.07907472, -2, 0.8573899, 2.5)
operation = 2
size = Vector3(0.30262333, 0.66973627, 0.58994806)
metadata/wear_chunk = true

[node name="WearChunk_4_1" type="CSGBox3D" parent="Column3" unique_id=488009035]
transform = Transform3D(0.41925246, -0.39167067, -0.8190369, 0.907515, 0.15558742, 0.39013976, -0.025374457, -0.9068554, 0.42067742, -2, 1.4558678, -2.5)
operation = 2
size = Vector3(0.31873164, 0.6184639, 0.5204157)
metadata/wear_chunk = true

[node name="WearChunk_4_2" type="CSGBox3D" parent="Column3" unique_id=1875782134]
transform = Transform3D(-0.025819987, 0.9966365, -0.077775, -0.0898437, 0.075172596, 0.9931149, 0.9956211, 0.032629848, 0.08760055, 2, 2.9973955, -2.5)
operation = 2
size = Vector3(0.39524037, 0.6111706, 0.5380829)
metadata/wear_chunk = true

[node name="WearChunk_4_3" type="CSGBox3D" parent="Column3" unique_id=715290417]
transform = Transform3D(0.22515021, -0.14502354, -0.96347064, -0.06239147, -0.98897696, 0.13428277, -0.9723244, 0.029878553, -0.23171662, -2, 0.23448586, -2.5)
operation = 2
size = Vector3(0.38732734, 0.45152107, 0.56983066)
metadata/wear_chunk = true

[node name="WearChunk_4_4" type="CSGBox3D" parent="Column3" unique_id=1807276333]
