[gd_scene format=3 uid="uid://4pbjw3vqklpe"]

[ext_resource type="PackedScene" uid="uid://cvbcr0470tjtw" path="res://Scenes/player.tscn" id="2_jesp8"]
[ext_resource type="Script" uid="uid://cup175gyx0lky" path="res://Scripts/column_wear.gd" id="4_8yig3"]
[ext_resource type="PackedScene" uid="uid://byrd3q2g3f14n" path="res://Scenes/column.tscn" id="4_qguuj"]
[ext_resource type="PackedScene" uid="uid://dkdn87iqxsgeu" path="res://Scenes/connector_corner.tscn" id="6_cmxtg"]
[ext_resource type="PackedScene" uid="uid://lbx0y0rwmtqf" path="res://Scenes/connector_straight.tscn" id="7_6he5u"]
[ext_resource type="PackedScene" uid="uid://bhcmjt6k0vo2s" path="res://Scenes/connector_t.tscn" id="8_8yig3"]
[ext_resource type="PackedScene" uid="uid://dbekxuw8pugbb" path="res://Scenes/exit_door.tscn" id="9_6he5u"]
[ext_resource type="PackedScene" uid="uid://n6acdmsxqno0" path="res://Scenes/connector_half.tscn" id="9_8yig3"]
[ext_resource type="PackedScene" uid="uid://bmdyjms5is3or" path="res://Scenes/power_lock.tscn" id="10_8yig3"]
[ext_resource type="AudioStream" uid="uid://37xfqq5p0qr" path="res://Assets/block_activate.wav" id="11_20ibb"]
[ext_resource type="AudioStream" uid="uid://3iyyhpaon3kg" path="res://Assets/block_drop.wav" id="12_bc0aw"]
[ext_resource type="AudioStream" uid="uid://depm6ridkm83g" path="res://Assets/block_land.wav" id="13_y4g23"]
[ext_resource type="PackedScene" uid="uid://d3efw5h6etw7i" path="res://Scenes/power_source.tscn" id="14_20ibb"]
[ext_resource type="AudioStream" uid="uid://bjhyygsl5lv4f" path="res://Assets/ambiance.wav" id="15_bc0aw"]
[ext_resource type="AudioStream" uid="uid://dakul42hwtdqo" path="res://Assets/superjump.wav" id="15_y4g23"]
[ext_resource type="Script" uid="uid://cddg1xr5hye1d" path="res://addons/MarchingSquaresTerrain/algorithm/terrain/marching_squares_terrain.gd" id="16_pnuok"]
[ext_resource type="Script" uid="uid://cql4d8s5t5xcx" path="res://addons/MarchingSquaresTerrain/algorithm/terrain/marching_squares_terrain_chunk.gd" id="17_kxp6t"]
[ext_resource type="Script" uid="uid://22l7ysgniux3" path="res://addons/MarchingSquaresTerrain/algorithm/grass/marching_squares_grass_planter.gd" id="18_5xwju"]
[ext_resource type="Material" uid="uid://cahhxc6e0ai1o" path="res://Resources/Materials/blocks.tres" id="19_kxp6t"]

[sub_resource type="ProceduralSkyMaterial" id="ProceduralSkyMaterial_6he5u"]
sky_top_color = Color(0.5803922, 0.77254903, 0.8509804, 1)
sky_horizon_color = Color(0.9372549, 0.78039217, 0.5647059, 1)
ground_horizon_color = Color(0.66224277, 0.6717428, 0.6867428, 1)

[sub_resource type="Sky" id="Sky_8yig3"]
sky_material = SubResource("ProceduralSkyMaterial_6he5u")

[sub_resource type="Environment" id="Environment_w6xic"]
background_mode = 2
sky = SubResource("Sky_8yig3")
tonemap_mode = 2
ssr_enabled = true
ssao_enabled = true
ssil_enabled = true
glow_enabled = true
fog_enabled = true
fog_mode = 1
fog_sun_scatter = 0.5
fog_density = 0.55
fog_aerial_perspective = 0.5

[sub_resource type="AudioStreamPlaylist" id="AudioStreamPlaylist_0pk2v"]
stream_count = 3
stream_0 = ExtResource("11_20ibb")
stream_1 = ExtResource("12_bc0aw")
stream_2 = ExtResource("13_y4g23")

[sub_resource type="AudioStreamPlaylist" id="AudioStreamPlaylist_pnuok"]
stream_count = 3
stream_0 = ExtResource("11_20ibb")
stream_1 = ExtResource("12_bc0aw")
stream_2 = ExtResource("13_y4g23")

[sub_resource type="AudioStreamPlaylist" id="AudioStreamPlaylist_4sbii"]
stream_count = 3
stream_0 = ExtResource("11_20ibb")
stream_1 = ExtResource("12_bc0aw")
stream_2 = ExtResource("13_y4g23")

[node name="Puzzle1" type="Node3D" unique_id=1325850728]

[node name="Env" type="Node3D" parent="." unique_id=294698956]

[node name="WorldEnvironment" type="WorldEnvironment" parent="Env" unique_id=664047046]
environment = SubResource("Environment_w6xic")

[node name="DirectionalLight3D" type="DirectionalLight3D" parent="Env" unique_id=2038308061]
transform = Transform3D(-0.44202217, 0.4707584, -0.76354647, -0.38024512, 0.6726168, 0.6348232, 0.81242245, 0.5709406, -0.11830792, 2.5545292, 12.5, 0)
light_color = Color(0.9372549, 0.78039217, 0.5647059, 1)
light_energy = 1.5
shadow_enabled = true

[node name="Player" parent="." unique_id=783204240 instance=ExtResource("2_jesp8")]
transform = Transform3D(0.7071068, 0, 0.70710695, 0, 1, 0, -0.70710695, 0, 0.7071068, 31, 1.5, -5.5)

[node name="ExitDoor" parent="." unique_id=91984872 instance=ExtResource("9_6he5u")]
transform = Transform3D(0.7071067, 0, 0.7071068, 0, 1, 0, -0.7071068, 0, 0.7071067, -43, 17, -36)
power_locks = Array[NodePath]([NodePath("../PowerItems/PowerLock"), NodePath("../PowerItems/PowerLock2")])

[node name="EnvBlocks" type="CSGCombiner3D" parent="." unique_id=1369986168]
visible = false
use_collision = true

[node name="CSGBox3D" type="CSGBox3D" parent="EnvBlocks" unique_id=1597356478]
transform = Transform3D(1, 0, 0, 0, 1, 0, 0, 0, 1, -21.5, 8.5, -16.25)
size = Vector3(7, 17, 17.5)

[node name="BackgroundBlocks" type="Node3D" parent="." unique_id=1041218238]
visible = false

[node name="CSGCombiner3D" type="CSGCombiner3D" parent="BackgroundBlocks" unique_id=767074072]
visible = false

[node name="CSGBox3D" type="CSGBox3D" parent="BackgroundBlocks/CSGCombiner3D" unique_id=540199197]
transform = Transform3D(1, 0, 0, 0, 1, 0, 0, 0, 1, 0, 4, 6.5)
size = Vector3(50, 8.245, 1)

[node name="CSGBox3D2" type="CSGBox3D" parent="BackgroundBlocks/CSGCombiner3D" unique_id=123295850]
transform = Transform3D(1, 0, 0, 0, 1, 0, 0, 0, 1, 0, 4, -28)
size = Vector3(50, 8.245, 1)

[node name="CSGBox3D3" type="CSGBox3D" parent="BackgroundBlocks/CSGCombiner3D" unique_id=331909290]
transform = Transform3D(-4.371139e-08, 0, -1, 0, 1, 0, 1, 0, -4.371139e-08, 25.5, 4, -10.75)
size = Vector3(35.5, 8.245, 1)

[node name="CSGBox3D4" type="CSGBox3D" parent="BackgroundBlocks/CSGCombiner3D" unique_id=1781826343]
transform = Transform3D(-4.371139e-08, 0, -1, 0, 1, 0, 1, 0, -4.371139e-08, -24.5, 13.377501, -10.75)
size = Vector3(35.5, 27, 1)

[node name="CSGBox3D5" type="CSGBox3D" parent="BackgroundBlocks/CSGCombiner3D" unique_id=329807086]
transform = Transform3D(1, 0, 0, 0, 1, 0, 0, 0, 1, -27, 20.25, -18.5)
operation = 2
size = Vector3(13, 5.5, 4)

[node name="CSGCombiner3D2" type="CSGCombiner3D" parent="BackgroundBlocks" unique_id=40854627]
transform = Transform3D(1, 0, 0, 0, 1, 0, 0, 0, 1, 0, 0, 20)
cast_shadow = 0

[node name="CSGBox3D" type="CSGBox3D" parent="BackgroundBlocks/CSGCombiner3D2" unique_id=1769849868]
transform = Transform3D(1, 0, 0, 0, 1, 0, 0, 0, 1, 12, 11.25, 11.5)
size = Vector3(25, 23.5, 24)

[node name="CSGBox3D4" type="CSGBox3D" parent="BackgroundBlocks/CSGCombiner3D2" unique_id=483630085]
transform = Transform3D(0.70710677, 0, 0.70710677, 0, 1, 0, -0.70710677, 0, 0.70710677, 42, 14.5, -0.5)
size = Vector3(25, 30, 24)

[node name="CSGBox3D5" type="CSGBox3D" parent="BackgroundBlocks/CSGCombiner3D2" unique_id=986022567]
transform = Transform3D(0.99999994, 0, 0, 0, 1, 0, 0, 0, 0.99999994, 33, 23.75, -70)
size = Vector3(25, 48.5, 24)

[node name="CSGBox3D6" type="CSGBox3D" parent="BackgroundBlocks/CSGCombiner3D2" unique_id=1847071340]
transform = Transform3D(0.9659257, 0, -0.25881898, 0, 1, 0, 0.25881898, 0, 0.9659257, -40, 23.75, -51)
size = Vector3(25, 48.5, 24)

[node name="CSGBox3D7" type="CSGBox3D" parent="BackgroundBlocks/CSGCombiner3D2" unique_id=1085704867]
transform = Transform3D(0.70710665, 0, 0.70710665, 0, 1, 0, -0.70710665, 0, 0.70710665, -41.5, 27.75, -17)
size = Vector3(25, 56.5, 24)

[node name="CSGBox3D3" type="CSGBox3D" parent="BackgroundBlocks/CSGCombiner3D2" unique_id=1986160887]
transform = Transform3D(1, 0, 0, 0, 1, 0, 0, 0, 1, 8.75, 19.25, 40)
size = Vector3(43.5, 39.5, 24)

[node name="CSGBox3D2" type="CSGBox3D" parent="BackgroundBlocks/CSGCombiner3D2" unique_id=1579445268]
transform = Transform3D(0.9659258, 0, 0.25881904, 0, 1, 0, -0.25881904, 0, 0.9659258, -16, 18, 11.5)
size = Vector3(25, 37, 24)

[node name="CSGCombiner3D3" type="CSGCombiner3D" parent="BackgroundBlocks" unique_id=851544620]
transform = Transform3D(-0.8660254, 0, -0.50000006, 0, 1, 0, 0.50000006, 0, -0.8660254, 2.5, 0, -44)
cast_shadow = 0

[node name="CSGBox3D" type="CSGBox3D" parent="BackgroundBlocks/CSGCombiner3D3" unique_id=1932380105]
transform = Transform3D(1, 0, 0, 0, 1, 0, 0, 0, 1, 12, 11.25, 11.5)
size = Vector3(25, 23.5, 24)

[node name="CSGBox3D3" type="CSGBox3D" parent="BackgroundBlocks/CSGCombiner3D3" unique_id=1207194780]
transform = Transform3D(1, 0, 0, 0, 1, 0, 0, 0, 1, 8.75, 19.25, 40)
size = Vector3(43.5, 39.5, 24)

[node name="CSGBox3D2" type="CSGBox3D" parent="BackgroundBlocks/CSGCombiner3D3" unique_id=1569271357]
transform = Transform3D(0.9659258, 0, 0.25881904, 0, 1, 0, -0.25881904, 0, 0.9659258, -16, 18, 11.5)
size = Vector3(25, 37, 24)

[node name="CSGCombiner3D4" type="CSGCombiner3D" parent="BackgroundBlocks" unique_id=1125343204]
transform = Transform3D(-0.59000003, 0, 1.02191, 0, 1.18, 0, -1.02191, 0, -0.59000003, 44, 0.245, -6)
cast_shadow = 0

[node name="CSGBox3D" type="CSGBox3D" parent="BackgroundBlocks/CSGCombiner3D4" unique_id=1330629098]
transform = Transform3D(1, 0, 0, 0, 1, 0, 0, 0, 1, 12, 11.25, 11.5)
size = Vector3(25, 23.5, 24)

[node name="CSGBox3D3" type="CSGBox3D" parent="BackgroundBlocks/CSGCombiner3D4" unique_id=327725047]
transform = Transform3D(1, 0, 0, 0, 1, 0, 0, 0, 1, 8.75, 19.25, 40)
size = Vector3(43.5, 39.5, 24)

[node name="CSGBox3D2" type="CSGBox3D" parent="BackgroundBlocks/CSGCombiner3D4" unique_id=517628150]
transform = Transform3D(0.9659258, 0, 0.25881904, 0, 1, 0, -0.25881904, 0, 0.9659258, -16, 18, 11.5)
size = Vector3(25, 37, 24)

[node name="FreeConnectors" type="Node3D" parent="." unique_id=584000069]

[node name="ConnectorStraight2" parent="FreeConnectors" unique_id=31341810 instance=ExtResource("7_6he5u")]
transform = Transform3D(1, 0, 0, 0, 1, 0, 0, 0, 1, 16, 0, -9)

[node name="ConnectorStraight3" parent="FreeConnectors" unique_id=2077787924 instance=ExtResource("7_6he5u")]
transform = Transform3D(1.3113416e-07, 0, 1, 0, 1, 0, -1, 0, 1.3113416e-07, 0, 0, -13)

[node name="ConnectorCorner" parent="FreeConnectors" unique_id=67998486 instance=ExtResource("6_cmxtg")]
transform = Transform3D(1, 0, 0, 0, 1, 0, 0, 0, 1, -4, 0, -13)

[node name="ConnectorCorner2" parent="FreeConnectors" unique_id=1576909129 instance=ExtResource("6_cmxtg")]
transform = Transform3D(-4.371139e-08, 0, 1, 0, 1, 0, -1, 0, -4.371139e-08, 10, 0, -6.5)

[node name="ConnectorStraight" parent="FreeConnectors" unique_id=187004618 instance=ExtResource("7_6he5u")]
transform = Transform3D(-4.371139e-08, 0, -1, 0, 1, 0, 1, 0, -4.371139e-08, 13.5, 0, -6.5)

[node name="ConnectorStraight4" parent="FreeConnectors" unique_id=638706761 instance=ExtResource("7_6he5u")]
transform = Transform3D(1, 0, 0, 0, 1, 0, 0, 0, 1, 10, 0, -10.5)

[node name="ConnectorCorner3" parent="FreeConnectors" unique_id=501538030 instance=ExtResource("6_cmxtg")]
transform = Transform3D(-4.371139e-08, 0, -1, 0, 1, 0, 1, 0, -4.371139e-08, 10, 0, -13)

[node name="ConnectorStraight5" parent="FreeConnectors" unique_id=283077391 instance=ExtResource("7_6he5u")]
transform = Transform3D(-4.371139e-08, 0, -1, 0, 1, 0, 1, 0, -4.371139e-08, 4, 0, -13)

[node name="ConnectorStraight6" parent="FreeConnectors" unique_id=1931088241 instance=ExtResource("7_6he5u")]
transform = Transform3D(1, 0, 0, 0, 1, 0, 0, 0, 1, -4, 0, -9)

[node name="ConnectorStraight7" parent="FreeConnectors" unique_id=1281983642 instance=ExtResource("7_6he5u")]
transform = Transform3D(-4.371139e-08, 0, -1, 0, 1, 0, 1, 0, -4.371139e-08, -8, 0, -5)

[node name="ConnectorStraight8" parent="FreeConnectors" unique_id=1703283561 instance=ExtResource("7_6he5u")]
transform = Transform3D(1, 0, 0, 0, 1, 0, 0, 0, 1, -4, 0, -1)

[node name="ConnectorCorner4" parent="FreeConnectors" unique_id=48762758 instance=ExtResource("6_cmxtg")]
transform = Transform3D(-4.371139e-08, 0, 1, 0, 1, 0, -1, 0, -4.371139e-08, -4, 0, 3)

[node name="ConnectorHalf" parent="FreeConnectors" unique_id=498816605 instance=ExtResource("9_8yig3")]
transform = Transform3D(-4.371139e-08, 0, -1, 0, 1, 0, 1, 0, -4.371139e-08, 7, 0, -13)

[node name="ConnectorStraight9" parent="FreeConnectors" unique_id=1085869693 instance=ExtResource("7_6he5u")]
transform = Transform3D(1, 0, 0, 0, 1, 0, 0, 0, 1, -12, 0, -1)

[node name="PowerItems" type="Node3D" parent="." unique_id=1751838520]

[node name="PowerSource2" parent="PowerItems" unique_id=2103182906 instance=ExtResource("14_20ibb")]
transform = Transform3D(1, 0, 0, 0, 1, 0, 0, 0, 1, -12, 0, 1.5)

[node name="PowerSource" parent="PowerItems" unique_id=174511942 instance=ExtResource("14_20ibb")]
transform = Transform3D(1, 0, 0, 0, 1, 0, 0, 0, 1, 16, 0, -6.5)

[node name="PowerLock" parent="PowerItems" unique_id=1506979964 instance=ExtResource("10_8yig3")]
transform = Transform3D(1, 0, 0, 0, 1, 0, 0, 0, 1, 0, 0, -9.5)

[node name="PowerLock2" parent="PowerItems" unique_id=1217258266 instance=ExtResource("10_8yig3")]
transform = Transform3D(1, 0, 0, 0, 1, 0, 0, 0, 1, -0.5, 0, 3)

[node name="WearGenerator" type="CSGCombiner3D" parent="." unique_id=2110263521]
use_collision = true
script = ExtResource("4_8yig3")
chunks_per_unit = 1.0
chunk_size_min = Vector3(0.3, 0.4, 0.5)
metadata/_custom_type_script = "uid://cup175gyx0lky"

[node name="MarchingSquaresTerrain" type="Node3D" parent="." unique_id=1613001027]
script = ExtResource("16_pnuok")
data_directory = "res://Scenes/puzzle_1_TerrainData/MarchingSquaresTerrain_71ed8f1a"
_storage_initialized = true
use_ledge_texture = false
texture_albedo_1 = Color(0.6405694, 0.548152, 0.3487798, 1)
texture_albedo_6 = Color(0.7607843, 0.7529412, 0.73333335, 1)
texture_scale_5 = 1.1
metadata/_custom_type_script = "uid://cddg1xr5hye1d"

[node name="Chunk (0, 0)" type="MeshInstance3D" parent="MarchingSquaresTerrain" unique_id=1140506865 node_paths=PackedStringArray("terrain_system")]
script = ExtResource("17_kxp6t")
terrain_system = NodePath("..")

[node name="GrassPlanter" type="MultiMeshInstance3D" parent="MarchingSquaresTerrain/Chunk (0, 0)" unique_id=1728205192]
cast_shadow = 0
script = ExtResource("18_5xwju")

[node name="Chunk (0, -1)" type="MeshInstance3D" parent="MarchingSquaresTerrain" unique_id=837619586 node_paths=PackedStringArray("terrain_system")]
transform = Transform3D(1, 0, 0, 0, 1, 0, 0, 0, 1, 0, 0, -64)
script = ExtResource("17_kxp6t")
terrain_system = NodePath("..")
chunk_coords = Vector2i(0, -1)

[node name="GrassPlanter" type="MultiMeshInstance3D" parent="MarchingSquaresTerrain/Chunk (0, -1)" unique_id=938311147]
cast_shadow = 0
script = ExtResource("18_5xwju")

[node name="Chunk (-1, -1)" type="MeshInstance3D" parent="MarchingSquaresTerrain" unique_id=1067167636 node_paths=PackedStringArray("terrain_system")]
transform = Transform3D(1, 0, 0, 0, 1, 0, 0, 0, 1, -64, 0, -64)
script = ExtResource("17_kxp6t")
terrain_system = NodePath("..")
chunk_coords = Vector2i(-1, -1)

[node name="GrassPlanter" type="MultiMeshInstance3D" parent="MarchingSquaresTerrain/Chunk (-1, -1)" unique_id=1870543693]
cast_shadow = 0
script = ExtResource("18_5xwju")

[node name="Chunk (-1, 0)" type="MeshInstance3D" parent="MarchingSquaresTerrain" unique_id=62431373 node_paths=PackedStringArray("terrain_system")]
transform = Transform3D(1, 0, 0, 0, 1, 0, 0, 0, 1, -64, 0, 0)
script = ExtResource("17_kxp6t")
terrain_system = NodePath("..")
chunk_coords = Vector2i(-1, 0)

[node name="GrassPlanter" type="MultiMeshInstance3D" parent="MarchingSquaresTerrain/Chunk (-1, 0)" unique_id=540570521]
cast_shadow = 0
script = ExtResource("18_5xwju")

[node name="Chunk (0, -2)" type="MeshInstance3D" parent="MarchingSquaresTerrain" unique_id=1725835232 node_paths=PackedStringArray("terrain_system")]
transform = Transform3D(1, 0, 0, 0, 1, 0, 0, 0, 1, 0, 0, -128)
script = ExtResource("17_kxp6t")
terrain_system = NodePath("..")
chunk_coords = Vector2i(0, -2)

[node name="GrassPlanter" type="MultiMeshInstance3D" parent="MarchingSquaresTerrain/Chunk (0, -2)" unique_id=1164630311]
cast_shadow = 0
script = ExtResource("18_5xwju")

[node name="Chunk (-1, -2)" type="MeshInstance3D" parent="MarchingSquaresTerrain" unique_id=842492392 node_paths=PackedStringArray("terrain_system")]
transform = Transform3D(1, 0, 0, 0, 1, 0, 0, 0, 1, -64, 0, -128)
script = ExtResource("17_kxp6t")
terrain_system = NodePath("..")
chunk_coords = Vector2i(-1, -2)

[node name="GrassPlanter" type="MultiMeshInstance3D" parent="MarchingSquaresTerrain/Chunk (-1, -2)" unique_id=447686193]
cast_shadow = 0
script = ExtResource("18_5xwju")

[node name="Chunk (-2, -2)" type="MeshInstance3D" parent="MarchingSquaresTerrain" unique_id=1268556889 node_paths=PackedStringArray("terrain_system")]
transform = Transform3D(1, 0, 0, 0, 1, 0, 0, 0, 1, -128, 0, -128)
script = ExtResource("17_kxp6t")
terrain_system = NodePath("..")
chunk_coords = Vector2i(-2, -2)

[node name="GrassPlanter" type="MultiMeshInstance3D" parent="MarchingSquaresTerrain/Chunk (-2, -2)" unique_id=675717589]
cast_shadow = 0
script = ExtResource("18_5xwju")

[node name="Chunk (-2, -1)" type="MeshInstance3D" parent="MarchingSquaresTerrain" unique_id=1605334840 node_paths=PackedStringArray("terrain_system")]
transform = Transform3D(1, 0, 0, 0, 1, 0, 0, 0, 1, -128, 0, -64)
script = ExtResource("17_kxp6t")
terrain_system = NodePath("..")
chunk_coords = Vector2i(-2, -1)

[node name="GrassPlanter" type="MultiMeshInstance3D" parent="MarchingSquaresTerrain/Chunk (-2, -1)" unique_id=906883769]
cast_shadow = 0
script = ExtResource("18_5xwju")

[node name="Chunk (-2, 0)" type="MeshInstance3D" parent="MarchingSquaresTerrain" unique_id=448545996 node_paths=PackedStringArray("terrain_system")]
transform = Transform3D(1, 0, 0, 0, 1, 0, 0, 0, 1, -128, 0, 0)
script = ExtResource("17_kxp6t")
terrain_system = NodePath("..")
chunk_coords = Vector2i(-2, 0)

[node name="GrassPlanter" type="MultiMeshInstance3D" parent="MarchingSquaresTerrain/Chunk (-2, 0)" unique_id=872327503]
cast_shadow = 0
script = ExtResource("18_5xwju")

[node name="Chunk (-2, 1)" type="MeshInstance3D" parent="MarchingSquaresTerrain" unique_id=1797820171 node_paths=PackedStringArray("terrain_system")]
transform = Transform3D(1, 0, 0, 0, 1, 0, 0, 0, 1, -128, 0, 64)
script = ExtResource("17_kxp6t")
terrain_system = NodePath("..")
chunk_coords = Vector2i(-2, 1)

[node name="GrassPlanter" type="MultiMeshInstance3D" parent="MarchingSquaresTerrain/Chunk (-2, 1)" unique_id=1328697239]
cast_shadow = 0
script = ExtResource("18_5xwju")

[node name="Chunk (-1, 1)" type="MeshInstance3D" parent="MarchingSquaresTerrain" unique_id=781897648 node_paths=PackedStringArray("terrain_system")]
transform = Transform3D(1, 0, 0, 0, 1, 0, 0, 0, 1, -64, 0, 64)
script = ExtResource("17_kxp6t")
terrain_system = NodePath("..")
chunk_coords = Vector2i(-1, 1)

[node name="GrassPlanter" type="MultiMeshInstance3D" parent="MarchingSquaresTerrain/Chunk (-1, 1)" unique_id=1814381686]
cast_shadow = 0
script = ExtResource("18_5xwju")

[node name="Chunk (0, 1)" type="MeshInstance3D" parent="MarchingSquaresTerrain" unique_id=1548747818 node_paths=PackedStringArray("terrain_system")]
transform = Transform3D(1, 0, 0, 0, 1, 0, 0, 0, 1, 0, 0, 64)
script = ExtResource("17_kxp6t")
terrain_system = NodePath("..")
chunk_coords = Vector2i(0, 1)

[node name="GrassPlanter" type="MultiMeshInstance3D" parent="MarchingSquaresTerrain/Chunk (0, 1)" unique_id=264180797]
cast_shadow = 0
script = ExtResource("18_5xwju")

[node name="Chunk (1, 1)" type="MeshInstance3D" parent="MarchingSquaresTerrain" unique_id=1910520733 node_paths=PackedStringArray("terrain_system")]
transform = Transform3D(1, 0, 0, 0, 1, 0, 0, 0, 1, 64, 0, 64)
script = ExtResource("17_kxp6t")
terrain_system = NodePath("..")
chunk_coords = Vector2i(1, 1)

[node name="GrassPlanter" type="MultiMeshInstance3D" parent="MarchingSquaresTerrain/Chunk (1, 1)" unique_id=188687884]
cast_shadow = 0
script = ExtResource("18_5xwju")

[node name="Chunk (1, 0)" type="MeshInstance3D" parent="MarchingSquaresTerrain" unique_id=1045614864 node_paths=PackedStringArray("terrain_system")]
transform = Transform3D(1, 0, 0, 0, 1, 0, 0, 0, 1, 64, 0, 0)
script = ExtResource("17_kxp6t")
terrain_system = NodePath("..")
chunk_coords = Vector2i(1, 0)

[node name="GrassPlanter" type="MultiMeshInstance3D" parent="MarchingSquaresTerrain/Chunk (1, 0)" unique_id=764349104]
cast_shadow = 0
script = ExtResource("18_5xwju")

[node name="Chunk (1, -1)" type="MeshInstance3D" parent="MarchingSquaresTerrain" unique_id=1207927075 node_paths=PackedStringArray("terrain_system")]
transform = Transform3D(1, 0, 0, 0, 1, 0, 0, 0, 1, 64, 0, -64)
script = ExtResource("17_kxp6t")
terrain_system = NodePath("..")
chunk_coords = Vector2i(1, -1)

[node name="GrassPlanter" type="MultiMeshInstance3D" parent="MarchingSquaresTerrain/Chunk (1, -1)" unique_id=618215805]
cast_shadow = 0
script = ExtResource("18_5xwju")

[node name="Chunk (1, -2)" type="MeshInstance3D" parent="MarchingSquaresTerrain" unique_id=710305699 node_paths=PackedStringArray("terrain_system")]
transform = Transform3D(1, 0, 0, 0, 1, 0, 0, 0, 1, 64, 0, -128)
script = ExtResource("17_kxp6t")
terrain_system = NodePath("..")
chunk_coords = Vector2i(1, -2)

[node name="GrassPlanter" type="MultiMeshInstance3D" parent="MarchingSquaresTerrain/Chunk (1, -2)" unique_id=286290464]
cast_shadow = 0
script = ExtResource("18_5xwju")

[node name="AudioStreamPlayer" type="AudioStreamPlayer" parent="." unique_id=214143337]
stream = ExtResource("15_bc0aw")
autoplay = true

[node name="Column" parent="." unique_id=1838435091 instance=ExtResource("4_qguuj")]
transform = Transform3D(1, 0, 0, 0, 1, 0, 0, 0, 1, -4.25, 7, -17)
size = Vector3(4.5, 14, 5)

[node name="DropDelay2" type="Timer" parent="Column" unique_id=1000414553]
wait_time = 0.5
one_shot = true

[node name="BottomTime2" type="Timer" parent="Column" unique_id=1578340840]
wait_time = 3.0
one_shot = true

[node name="AudioStreamPlayer3D2" type="AudioStreamPlayer3D" parent="Column" unique_id=1102018613]
transform = Transform3D(1, 0, 0, 0, 1, 0, 0, 0, 1, 0, 2, 0)
stream = SubResource("AudioStreamPlaylist_0pk2v")

[node name="SuperJumpSounds2" type="AudioStreamPlayer" parent="Column" unique_id=1063107649]
stream = ExtResource("15_y4g23")

[node name="DropDelay3" type="Timer" parent="Column" unique_id=422322613]
wait_time = 0.5
one_shot = true

[node name="BottomTime3" type="Timer" parent="Column" unique_id=1003267860]
wait_time = 3.0
one_shot = true

[node name="AudioStreamPlayer3D3" type="AudioStreamPlayer3D" parent="Column" unique_id=1397053978]
transform = Transform3D(1, 0, 0, 0, 1, 0, 0, 0, 1, 0, 2, 0)
stream = SubResource("AudioStreamPlaylist_pnuok")

[node name="SuperJumpSounds3" type="AudioStreamPlayer" parent="Column" unique_id=1655038290]
stream = ExtResource("15_y4g23")

[node name="DropDelay4" type="Timer" parent="Column" unique_id=1915016394]
wait_time = 0.5
one_shot = true

[node name="BottomTime4" type="Timer" parent="Column" unique_id=1618649436]
wait_time = 3.0
one_shot = true

[node name="AudioStreamPlayer3D4" type="AudioStreamPlayer3D" parent="Column" unique_id=507024720]
transform = Transform3D(1, 0, 0, 0, 1, 0, 0, 0, 1, 0, 2, 0)
stream = SubResource("AudioStreamPlaylist_4sbii")

[node name="DropDelay5" type="Timer" parent="Column" unique_id=119147591]
wait_time = 0.5
one_shot = true

[node name="BottomTime5" type="Timer" parent="Column" unique_id=111785872]
wait_time = 3.0
one_shot = true

[node name="AudioStreamPlayer3D5" type="AudioStreamPlayer3D" parent="Column" unique_id=874924527]
transform = Transform3D(1, 0, 0, 0, 1, 0, 0, 0, 1, 0, 2, 0)
stream = SubResource("AudioStreamPlaylist_4sbii")

[node name="WearChunk_0_0" type="CSGBox3D" parent="Column" unique_id=1202000884]
transform = Transform3D(-0.04433022, 0.9924792, 0.11410475, 0.9513224, 0.07680723, -0.2984735, -0.3049928, 0.095319, -0.9475725, -2.25, -4.4458485, -2.5)
operation = 2
size = Vector3(0.5587845, 0.76725394, 0.5792087)
metadata/wear_chunk = true

[node name="WearChunk_0_1" type="CSGBox3D" parent="Column" unique_id=1977578503]
transform = Transform3D(0.16960268, -0.08197771, 0.982097, 0.3359035, -0.93205404, -0.13580915, 0.92650086, 0.35292345, -0.13054225, 2.25, 2.3145065, 2.5)
operation = 2
size = Vector3(0.5768585, 0.78828764, 0.56731796)
metadata/wear_chunk = true

[node name="WearChunk_0_2" type="CSGBox3D" parent="Column" unique_id=155993797]
transform = Transform3D(0.7661849, 0.60057914, -0.22861601, -0.43992615, 0.23087859, -0.8678479, -0.46842882, 0.7655062, 0.44110617, -2.25, 5.97196, 2.5)
operation = 2
size = Vector3(0.5416247, 0.7290827, 0.5570662)
metadata/wear_chunk = true

[node name="WearChunk_0_3" type="CSGBox3D" parent="Column" unique_id=1031122526]
transform = Transform3D(-0.14800707, 0.825859, -0.5441055, -0.10336494, -0.56006926, -0.8219721, -0.9835698, -0.06541625, 0.16825908, 2.25, 5.0738945, -2.5)
operation = 2
size = Vector3(0.3597798, 0.48290706, 0.5061562)
metadata/wear_chunk = true

[node name="WearChunk_0_4" type="CSGBox3D" parent="Column" unique_id=1985588654]
transform = Transform3D(-0.8252366, -0.12896946, -0.54986495, 0.21954644, 0.82375866, -0.5227055, 0.5203691, -0.5520766, -0.651481, -2.25, 6.681566, -2.5)
operation = 2
size = Vector3(0.4451953, 0.45539713, 0.50985634)
metadata/wear_chunk = true

[node name="WearChunk_0_5" type="CSGBox3D" parent="Column" unique_id=1737856864]
transform = Transform3D(-0.8920649, -0.29967564, -0.3382524, -0.16509168, 0.912874, -0.3733709, 0.42067197, -0.27722844, -0.86381686, 2.25, -3.9500828, 2.5)
operation = 2
size = Vector3(0.48554385, 0.7241338, 0.5711161)
metadata/wear_chunk = true

[node name="WearChunk_0_6" type="CSGBox3D" parent="Column" unique_id=421933603]
transform = Transform3D(0.6937926, 0.29442063, -0.657243, 0.7065757, -0.10176426, 0.700282, 0.13929366, -0.95024234, -0.27863374, -2.25, 5.7087383, -2.5)
operation = 2
size = Vector3(0.5612974, 0.6640691, 0.5821525)
metadata/wear_chunk = true

[node name="WearChunk_0_7" type="CSGBox3D" parent="Column" unique_id=1194845674]
transform = Transform3D(-0.9129147, -0.36628267, 0.180066, -0.30761594, 0.9074262, 0.28626937, -0.2682521, 0.20594832, -0.9410771, -2.25, -0.9942131, -2.5)
operation = 2
size = Vector3(0.37354994, 0.7910571, 0.5466323)
metadata/wear_chunk = true

[node name="WearChunk_0_8" type="CSGBox3D" parent="Column" unique_id=783960185]
transform = Transform3D(-0.16851705, 0.96467465, -0.2024964, 0.4738534, -0.1008561, -0.87480915, -0.8643292, -0.24337386, -0.4401184, -2.25, 4.772723, 2.5)
operation = 2
size = Vector3(0.32033095, 0.752746, 0.5247416)
metadata/wear_chunk = true

[node name="WearChunk_0_9" type="CSGBox3D" parent="Column" unique_id=1516841233]
transform = Transform3D(0.8311843, 0.24725853, -0.49799186, -0.46641022, 0.79761976, -0.38244516, 0.30264527, 0.5501509, 0.7782929, -2.25, 1.0451603, -2.5)
operation = 2
size = Vector3(0.483429, 0.7421889, 0.5427147)
metadata/wear_chunk = true

[node name="WearChunk_0_10" type="CSGBox3D" parent="Column" unique_id=307075397]
transform = Transform3D(-0.611532, -0.7319067, 0.30056813, 0.498223, -0.06110058, 0.8648934, -0.6146564, 0.6786599, 0.4020177, -2.25, -3.3808627, 2.5)
operation = 2
size = Vector3(0.40835837, 0.6740855, 0.50176775)
metadata/wear_chunk = true

[node name="WearChunk_0_11" type="CSGBox3D" parent="Column" unique_id=1623468692]
transform = Transform3D(0.9897135, 0.03892389, 0.13766643, 0.141504, -0.12465302, -0.98205817, -0.021064967, 0.9914366, -0.12887867, 2.25, -3.20583, 2.5)
operation = 2
size = Vector3(0.35696068, 0.51591045, 0.5504128)
metadata/wear_chunk = true

[node name="WearChunk_0_12" type="CSGBox3D" parent="Column" unique_id=2145670548]
transform = Transform3D(0.354483, -0.8969785, -0.2641426, 0.6725748, 0.44083717, -0.5943952, 0.6496036, 0.033047378, 0.75955445, -2.25, 2.0606794, -2.5)
operation = 2
size = Vector3(0.589044, 0.43951324, 0.5659843)
metadata/wear_chunk = true

[node name="WearChunk_0_13" type="CSGBox3D" parent="Column" unique_id=1776311524]
transform = Transform3D(0.57131785, 0.5020152, -0.64928937, -0.58386785, -0.30737805, -0.75141007, -0.57679653, 0.8083931, 0.11749992, 2.25, 6.3642187, 2.5)
operation = 2
size = Vector3(0.490389, 0.6441171, 0.5587593)
metadata/wear_chunk = true

[node name="Column8" parent="." unique_id=2003591922 instance=ExtResource("4_qguuj")]
transform = Transform3D(1, 0, 0, 0, 1, 0, 0, 0, 1, -4, 7, -5)
size = Vector3(4, 14, 4)

[node name="DropDelay2" type="Timer" parent="Column8" unique_id=1501589151]
wait_time = 0.5
one_shot = true

[node name="BottomTime2" type="Timer" parent="Column8" unique_id=669541632]
wait_time = 3.0
one_shot = true

[node name="AudioStreamPlayer3D2" type="AudioStreamPlayer3D" parent="Column8" unique_id=2081905259]
transform = Transform3D(1, 0, 0, 0, 1, 0, 0, 0, 1, 0, 2, 0)
stream = SubResource("AudioStreamPlaylist_0pk2v")

[node name="SuperJumpSounds2" type="AudioStreamPlayer" parent="Column8" unique_id=1064292591]
stream = ExtResource("15_y4g23")

[node name="DropDelay3" type="Timer" parent="Column8" unique_id=1825224920]
wait_time = 0.5
one_shot = true

[node name="BottomTime3" type="Timer" parent="Column8" unique_id=60927913]
wait_time = 3.0
one_shot = true

[node name="AudioStreamPlayer3D3" type="AudioStreamPlayer3D" parent="Column8" unique_id=1273200527]
transform = Transform3D(1, 0, 0, 0, 1, 0, 0, 0, 1, 0, 2, 0)
stream = SubResource("AudioStreamPlaylist_pnuok")

[node name="SuperJumpSounds3" type="AudioStreamPlayer" parent="Column8" unique_id=1990086017]
stream = ExtResource("15_y4g23")

[node name="DropDelay4" type="Timer" parent="Column8" unique_id=487343542]
wait_time = 0.5
one_shot = true

[node name="BottomTime4" type="Timer" parent="Column8" unique_id=1777288588]
wait_time = 3.0
one_shot = true

[node name="AudioStreamPlayer3D4" type="AudioStreamPlayer3D" parent="Column8" unique_id=552724109]
transform = Transform3D(1, 0, 0, 0, 1, 0, 0, 0, 1, 0, 2, 0)
stream = SubResource("AudioStreamPlaylist_4sbii")

[node name="DropDelay5" type="Timer" parent="Column8" unique_id=1100927493]
wait_time = 0.5
one_shot = true

[node name="BottomTime5" type="Timer" parent="Column8" unique_id=1572350309]
wait_time = 3.0
one_shot = true

[node name="AudioStreamPlayer3D5" type="AudioStreamPlayer3D" parent="Column8" unique_id=378211553]
transform = Transform3D(1, 0, 0, 0, 1, 0, 0, 0, 1, 0, 2, 0)
stream = SubResource("AudioStreamPlaylist_4sbii")

[node name="ConnectorT" parent="Column8" unique_id=133770736 instance=ExtResource("8_8yig3")]
transform = Transform3D(0.004232504, -0.0026263772, -0.9999876, 0.0020725804, 0.9999944, -0.0026176223, 0.9999889, -0.0020614748, 0.0042379242, 0, 7, 0)

[node name="WearChunk_1_0" type="CSGBox3D" parent="Column8" unique_id=454039028]
transform = Transform3D(-0.38707033, -0.92074174, -0.0491056, 0.04121624, 0.035926, -0.99850416, 0.9211285, -0.38851523, 0.02404362, -2, 3.3586597, 2)
operation = 2
size = Vector3(0.51593685, 0.5713193, 0.51712996)
metadata/wear_chunk = true

[node name="WearChunk_1_1" type="CSGBox3D" parent="Column8" unique_id=399645560]
transform = Transform3D(0.9315058, -0.3530529, 0.08746734, -0.23072052, -0.3876339, 0.892473, -0.28118485, -0.8515243, -0.44253978, 2, 5.4066734, -2)
operation = 2
size = Vector3(0.44895077, 0.6475451, 0.5301908)
metadata/wear_chunk = true

[node name="WearChunk_1_2" type="CSGBox3D" parent="Column8" unique_id=1774691721]
transform = Transform3D(0.37074685, -0.43871725, -0.81858045, -0.37037763, -0.8781155, 0.30287564, -0.85168487, 0.19089368, -0.4880496, -2, 5.3383093, 2)
operation = 2
size = Vector3(0.5217807, 0.7089303, 0.5315635)
metadata/wear_chunk = true

[node name="WearChunk_1_3" type="CSGBox3D" parent="Column8" unique_id=1170397820]
transform = Transform3D(0.08443875, 0.28210458, -0.9556605, -0.52707046, -0.80128, -0.28310257, -0.8456162, 0.52760524, 0.081029914, -2, -0.03379965, 2)
operation = 2
size = Vector3(0.53091156, 0.7866099, 0.56621003)
metadata/wear_chunk = true

[node name="WearChunk_1_4" type="CSGBox3D" parent="Column8" unique_id=550910538]
transform = Transform3D(-0.48195285, 0.1747147, 0.8586013, 0.5102544, -0.7406468, 0.4371301, 0.7122934, 0.6487812, 0.2678079, 2, 4.1684685, -2)
operation = 2
size = Vector3(0.42013276, 0.5665843, 0.5270188)
metadata/wear_chunk = true

[node name="WearChunk_1_5" type="CSGBox3D" parent="Column8" unique_id=465407171]
transform = Transform3D(0.4810813, 0.5977448, 0.64129704, -0.5069312, -0.40714043, 0.7597746, 0.7152493, -0.69060683, 0.10714783, 2, -3.4604414, 2)
operation = 2
size = Vector3(0.52232957, 0.71071076, 0.5926356)
metadata/wear_chunk = true

[node name="WearChunk_1_6" type="CSGBox3D" parent="Column8" unique_id=1184967254]
transform = Transform3D(0.6872121, 0.25762787, 0.67924035, 0.14701067, 0.86634016, -0.47732863, -0.7114264, 0.4278816, 0.5574854, 2, 2.9810762, -2)
operation = 2
size = Vector3(0.42214435, 0.4762709, 0.57338375)
metadata/wear_chunk = true

[node name="WearChunk_1_7" type="CSGBox3D" parent="Column8" unique_id=24156958]
transform = Transform3D(-0.86426294, 0.27187842, -0.42323953, -0.44858882, -0.7972785, 0.40387496, -0.2276349, 0.5389147, 0.8110199, -2, -0.69038296, -2)
operation = 2
size = Vector3(0.554626, 0.45353076, 0.56340224)
metadata/wear_chunk = true

[node name="WearChunk_1_8" type="CSGBox3D" parent="Column8" unique_id=491801695]
transform = Transform3D(-0.5230141, 0.07382926, -0.8491204, -0.8478496, 0.056879975, 0.52717704, 0.08721904, 0.99564743, 0.032847088, 2, -5.6117964, -2)
operation = 2
size = Vector3(0.33922493, 0.418395, 0.53081864)
metadata/wear_chunk = true

[node name="WearChunk_1_9" type="CSGBox3D" parent="Column8" unique_id=204994340]
transform = Transform3D(0.65033466, 0.25978667, -0.71384573, -0.6174227, -0.36668807, -0.6959376, -0.44255397, 0.89333683, -0.07807176, -2, -3.2041838, 2)
operation = 2
size = Vector3(0.4315865, 0.60769373, 0.5482492)
metadata/wear_chunk = true

[node name="WearChunk_1_10" type="CSGBox3D" parent="Column8" unique_id=170578993]
transform = Transform3D(-0.17412473, -0.52982855, -0.83003753, -0.89664114, -0.2631507, 0.35607082, -0.40708143, 0.8062465, -0.42924502, 2, 1.275959, -2)
operation = 2
size = Vector3(0.51723194, 0.4337212, 0.5756548)
metadata/wear_chunk = true

[node name="WearChunk_1_11" type="CSGBox3D" parent="Column8" unique_id=543422836]
transform = Transform3D(-0.6624161, -0.7345068, 0.1473247, 0.19285658, 0.022829631, 0.9809613, -0.72388613, 0.6782172, 0.12653176, -2, -3.3721855, -2)
operation = 2
size = Vector3(0.5965683, 0.5071964, 0.5566309)
metadata/wear_chunk = true

[node name="WearChunk_1_12" type="CSGBox3D" parent="Column8" unique_id=1198023308]
transform = Transform3D(-0.91092896, 0.12706074, -0.3925099, 0.4118776, 0.22525029, -0.88296044, -0.02377665, -0.9659803, -0.2575205, 2, 3.3432941, 2)
operation = 2
size = Vector3(0.4214884, 0.6363168, 0.5659151)
metadata/wear_chunk = true

[node name="WearChunk_1_13" type="CSGBox3D" parent="Column8" unique_id=852386995]
transform = Transform3D(-0.9996459, -0.0072459877, -0.025606787, 0.026123798, -0.08367925, -0.99615026, 0.0050753355, -0.9964664, 0.08383891, -2, 6.6427717, -2)
operation = 2
size = Vector3(0.38279134, 0.42379472, 0.56534916)
metadata/wear_chunk = true

[node name="Column10" parent="." unique_id=1295036773 instance=ExtResource("4_qguuj")]
transform = Transform3D(1, 0, 0, 0, 1, 0, 0, 0, 1, -12, 7, -5)
size = Vector3(4, 14, 4)

[node name="DropDelay2" type="Timer" parent="Column10" unique_id=397548212]
wait_time = 0.5
one_shot = true

[node name="BottomTime2" type="Timer" parent="Column10" unique_id=1657396671]
wait_time = 3.0
one_shot = true

[node name="AudioStreamPlayer3D2" type="AudioStreamPlayer3D" parent="Column10" unique_id=1837584041]
transform = Transform3D(1, 0, 0, 0, 1, 0, 0, 0, 1, 0, 2, 0)
stream = SubResource("AudioStreamPlaylist_0pk2v")

[node name="SuperJumpSounds2" type="AudioStreamPlayer" parent="Column10" unique_id=1548973712]
stream = ExtResource("15_y4g23")

[node name="DropDelay3" type="Timer" parent="Column10" unique_id=273171190]
wait_time = 0.5
one_shot = true

[node name="BottomTime3" type="Timer" parent="Column10" unique_id=1310918113]
wait_time = 3.0
one_shot = true

[node name="AudioStreamPlayer3D3" type="AudioStreamPlayer3D" parent="Column10" unique_id=1657655940]
transform = Transform3D(1, 0, 0, 0, 1, 0, 0, 0, 1, 0, 2, 0)
stream = SubResource("AudioStreamPlaylist_pnuok")

[node name="SuperJumpSounds3" type="AudioStreamPlayer" parent="Column10" unique_id=913550107]
stream = ExtResource("15_y4g23")

[node name="DropDelay4" type="Timer" parent="Column10" unique_id=1462586974]
wait_time = 0.5
one_shot = true

[node name="BottomTime4" type="Timer" parent="Column10" unique_id=782585843]
wait_time = 3.0
one_shot = true

[node name="AudioStreamPlayer3D4" type="AudioStreamPlayer3D" parent="Column10" unique_id=999007085]
transform = Transform3D(1, 0, 0, 0, 1, 0, 0, 0, 1, 0, 2, 0)
stream = SubResource("AudioStreamPlaylist_4sbii")

[node name="DropDelay5" type="Timer" parent="Column10" unique_id=63244882]
wait_time = 0.5
one_shot = true

[node name="BottomTime5" type="Timer" parent="Column10" unique_id=924413682]
wait_time = 3.0
one_shot = true

[node name="AudioStreamPlayer3D5" type="AudioStreamPlayer3D" parent="Column10" unique_id=2069710177]
transform = Transform3D(1, 0, 0, 0, 1, 0, 0, 0, 1, 0, 2, 0)
stream = SubResource("AudioStreamPlaylist_4sbii")

[node name="ConnectorCorner" parent="Column10" unique_id=813231259 instance=ExtResource("6_cmxtg")]
transform = Transform3D(1, 0, 0, 0, 1, 0, 0, 0, 1, 0, 7, 0)

[node name="WearChunk_2_0" type="CSGBox3D" parent="Column10" unique_id=2081155925]
transform = Transform3D(-0.975824, 0.14622226, 0.16243932, -0.19477795, -0.24468204, -0.949838, -0.09914151, -0.9585143, 0.2672475, 2, 0.31208658, -2)
operation = 2
size = Vector3(0.5113733, 0.52198356, 0.54075265)
metadata/wear_chunk = true

[node name="WearChunk_2_1" type="CSGBox3D" parent="Column10" unique_id=40033700]
transform = Transform3D(0.69619656, 0.5830899, 0.41870818, 0.2522209, 0.34739962, -0.9031601, -0.67208254, 0.7343839, 0.094790965, -2, -0.16829729, 2)
operation = 2
size = Vector3(0.4841457, 0.47159913, 0.52714115)
metadata/wear_chunk = true

[node name="WearChunk_2_2" type="CSGBox3D" parent="Column10" unique_id=1593554315]
transform = Transform3D(-0.76849854, 0.5416069, -0.3406935, -0.54387057, -0.833416, -0.09809444, -0.33706805, 0.109907754, 0.935043, -2, -6.6181498, -2)
operation = 2
size = Vector3(0.32520485, 0.45598575, 0.5825045)
metadata/wear_chunk = true

[node name="WearChunk_2_3" type="CSGBox3D" parent="Column10" unique_id=513457670]
transform = Transform3D(0.3921868, 0.4473708, -0.8037717, 0.8941409, -0.39066795, 0.21883929, -0.21610549, -0.804511, -0.55322737, -2, -4.7681913, -2)
operation = 2
size = Vector3(0.5991851, 0.4766115, 0.5620432)
metadata/wear_chunk = true

[node name="WearChunk_2_4" type="CSGBox3D" parent="Column10" unique_id=2080088204]
transform = Transform3D(0.7143116, 0.6751082, -0.18435806, -0.08003608, -0.18289809, -0.97986865, -0.695236, 0.71468675, -0.07661321, -2, 5.4456997, 2)
operation = 2
size = Vector3(0.32868075, 0.6749046, 0.54375935)
metadata/wear_chunk = true

[node name="WearChunk_2_5" type="CSGBox3D" parent="Column10" unique_id=787158204]
transform = Transform3D(-0.21953495, 0.7690717, -0.60027754, 0.913839, -0.05334559, -0.40255743, -0.3416177, -0.63693243, -0.6910965, -2, -3.7349312, -2)
operation = 2
size = Vector3(0.47561818, 0.64303684, 0.5380021)
metadata/wear_chunk = true

[node name="WearChunk_2_6" type="CSGBox3D" parent="Column10" unique_id=113000173]
transform = Transform3D(-0.0070312694, -0.04766939, 0.9988384, -0.998164, 0.060426835, -0.004142662, -0.060159165, -0.9970337, -0.048006747, -2, -5.843757, -2)
operation = 2
size = Vector3(0.4236742, 0.6001227, 0.54630953)
metadata/wear_chunk = true

[node name="WearChunk_2_7" type="CSGBox3D" parent="Column10" unique_id=107054332]
transform = Transform3D(-0.77621824, -0.6274067, 0.062016834, -0.04835058, -0.03883741, -0.99807507, 0.6286076, -0.7777226, -0.00018917296, 2, 2.9269629, -2)
operation = 2
size = Vector3(0.53987634, 0.553178, 0.5910106)
